Baltimore Ravens, BAL
OL,Bradley Bozeman,24,2018,54,50,72,70,64,62,0.6,4
OL,Hroniss Grasu,27,2015,54,64,73,68,62,59,0.8,1
OL,Matt Skura,25,2017,55,61,75,76,61,61,0.6,1
CB,Anthony Averett,24,2018,60,45,77,62,84,40,0.8,4
CB,Maurice Canady,24,2016,63,58,78,68,79,59,0.6,4
CB,Jaylen Hill,24,2017,56,48,72,66,74,49,0.6,3
CB,Marlon Humphrey,22,2017,70,64,84,73,82,61,3.0,4
CB,Stanley Jean-Baptiste,28,2014,58,41,78,66,76,48,0.6,1
CB,Tavon Young,24,2016,69,64,80,74,80,52,0.7,4
CB,Brandon Carr,32,2008,70,73,84,46,77,73,5.9,4
S,Chuck Clark,23,2017,55,47,79,57,78,47,0.6,4
S,DeShon Elliott,21,2018,57,42,80,47,76,42,0.7,4
S,Tony Jefferson,26,2013,74,79,80,54,75,79,8.5,4
CB,Anthony Levine Sr,31,2012,68,66,74,61,76,66,1.4,3
CB,Jimmy Smith,30,2011,79,78,81,63,79,78,10.3,4
S,Eric Weddle,33,2007,76,78,89,58,75,78,6.5,4
CB,Darious Williams,25,2018,54,45,81,41,81,45,0.6,3
DL,Zach Sieler,23,2018,57,40,71,78,63,40,0.6,4
DL,Brent Urban,27,2014,62,64,70,69,68,64,1.0,1
DL,Chris Wormley,25,2017,60,53,72,73,57,53,0.9,4
DL,Willie Henry,24,2016,69,70,74,76,68,70,0.7,4
DL,Michael Pierce,26,2016,77,75,68,84,77,75,0.5,3
DL,Patrick Ricard,24,2017,68,61,76,80,62,49,0.6,3
DL,Brandon Williams,29,2013,79,87,59,86,82,87,10.5,5
K,Justin Tucker,29,2012,76,63,75,88,88,70,4.2,4
LB,Chris Board,23,2018,53,49,71,76,60,55,0.5,1
LB,Tyus Bowser,23,2017,62,55,79,69,58,48,1.4,4
LB,Bam Bradley,24,2017,55,48,74,68,63,58,0.6,3
LB,Matthew Judon,26,2016,70,65,75,72,57,72,0.6,4
LB,Albert McClellan,32,2011,63,62,76,69,66,58,1.0,1
LB,C.J. Mosley,26,2014,74,74,87,84,62,69,2.2,4
LB,Patrick Onwuasor,26,2016,64,68,78,71,71,52,0.6,1
LB,Za'Darius Smith,26,2015,64,64,74,70,58,52,0.7,4
LB,Terrell Suggs,36,2003,76,75,85,78,76,59,5.2,4
LB,Tim Williams,25,2017,63,56,73,66,58,53,0.8,4
LB,Kenny Young,24,2018,60,48,77,74,64,66,0.8,4
OL,Morgan Cox,32,2010,41,63,65,54,40,46,1.1,5
OL,Marshal Yanda,34,2007,82,86,75,83,84,79,8.0,4
OL,Orlando Brown,22,2018,66,49,74,80,73,70,3.4,4
OL,James Hurst,27,2014,63,70,66,68,61,69,4.4,4
OL,Alex Lewis,26,2016,60,64,76,75,64,63,0.7,4
OL,Steven Moore,25,2018,50,50,50,50,50,50,0.5,1
OL,Greg Senat,24,2018,53,42,76,64,63,63,0.6,4
OL,Ronnie Stanley,24,2016,69,76,78,77,74,69,5.1,4
K,Sam Koch,36,2006,74,62,75,81,85,57,3.3,5
QB,Joe Flacco,33,2008,69,72,86,87,69,42,22.1,3
QB,Robert Griffin III,28,2012,61,58,85,82,63,67,1.1,1
QB,Lamar Jackson,21,2018,69,52,81,84,70,75,2.4,4
RB,Javorius Allen,27,2015,64,69,74,71,78,59,0.7,4
RB,Alex Collins,24,2016,71,75,77,69,79,68,0.6,1
RB,Kenneth Dixon,24,2016,64,65,79,74,77,68,0.7,4
RB,De’Lance Turner,23,2018,50,50,50,50,50,50,0.5,1
WR,Mark Andrews,22,2018,65,44,76,73,76,62,0.9,4
WR,Nick Boyle,25,2015,65,67,76,72,62,36,0.6,4
WR,Hayden Hurst,25,2018,68,48,76,75,73,65,2.8,4
WR,Maxx Williams,24,2015,64,55,74,73,70,54,1.0,4
WR,Quincy Adeboyejo,23,2017,53,40,80,65,82,59,0.5,1
WR,John Brown,28,2014,69,69,78,76,83,82,5.0,1
WR,Michael Crabtree,31,2009,74,83,88,77,77,62,7.0,3
WR,Jordan Lasley,22,2018,58,44,77,65,79,71,0.7,4
WR,Chris Moore,25,2016,61,64,77,71,80,58,0.7,4
WR,Jaleel Scott,23,2018,59,49,78,70,77,50,0.8,4
WR,Willie Snead,26,2014,66,64,81,73,79,66,3.5,2
WR,Tim White,24,2018,45,49,80,66,79,71,0.5,1
END_PLAYERS
Cleveland Browns, CLE
OL,J.C. Tretter,27,2013,67,68,78,79,64,71,5.6,3
S,Briean Boddy-Calhoun,25,2016,70,70,78,73,80,55,0.5,3
CB,Terrance Mitchell,26,2014,65,61,82,64,79,46,3.3,3
CB,Tavierre Thomas,22,2018,52,46,79,60,83,43,0.6,3
CB,Denzel Ward,21,2018,70,56,81,69,85,43,7.3,4
CB,Howard Wilson,23,2017,59,47,83,67,77,54,0.8,4
CB,Travis Carrie,28,2014,70,65,79,58,81,65,7.8,4
CB,E.J. Gaines,26,2014,70,68,83,48,79,68,4.0,1
S,Derrick Kindred,25,2016,71,70,78,65,79,70,0.7,4
CB,Denzel Rice,25,2015,54,42,78,57,77,42,0.7,2
DL,Myles Garrett,23,2017,78,72,72,86,76,72,7.6,4
DL,Lenny Jones,27,2016,50,50,50,50,50,50,0.5,2
DL,Emmanuel Ogbah,25,2016,68,66,72,69,66,66,1.7,4
DL,Chris Smith,26,2014,63,50,73,75,57,50,4.0,3
DL,Chad Thomas,23,2018,61,48,67,74,69,48,1.0,4
DL,Anthony Zettel,26,2016,71,69,78,73,73,69,0.6,4
DL,Trevon Coley,24,2017,62,57,75,75,62,57,0.5,2
DL,Carl Davis,26,2015,65,70,57,78,66,70,0.7,4
DL,Devaroe Lawrence,26,2018,53,49,65,77,63,49,0.6,3
DL,Larry Ogunjobi,24,2017,67,60,69,78,74,60,1.0,4
RB,Danny Vitale,25,2016,56,48,76,66,75,47,0.6,1
S,Jabrill Peppers,23,2017,68,61,85,63,80,68,2.6,4
K,Greg Joseph,24,2018,64,45,63,61,54,40,0.5,1
LB,Genard Avery,23,2018,57,42,71,66,60,45,0.7,4
LB,D'Juan Hines,24,2018,49,48,81,70,60,48,0.5,1
LB,Tanner Vallejo,24,2017,56,49,79,74,61,55,0.6,4
OL,Charley Hughlett,28,2014,51,55,64,65,59,57,1.1,6
DB,Joe Schobert,25,2016,66,69,76,66,70,69,0.7,4
OL,Joel Bitonio,27,2014,79,76,78,76,69,82,8.5,6
OL,Austin Corbett,23,2018,64,58,76,72,69,68,1.3,4
OL,Earl Watford,28,2013,60,66,73,75,61,61,0.8,1
OL,Kevin Zeitler,28,2012,79,70,78,81,67,81,12.0,5
OL,James Burgess,24,2017,58,62,71,75,68,69,0.5,2
OL,Jamie Collins,29,2013,65,74,75,79,76,62,12.5,4
OL,Christian Kirksey,26,2014,67,74,78,79,76,56,9.5,4
OL,Desmond Harrison,25,2018,54,41,73,74,63,61,0.6,3
OL,Chris Hubbard,27,2014,61,67,72,67,65,67,7.3,5
OL,Greg Robinson,26,2014,57,58,75,84,61,61,0.8,1
K,Britton Colquitt,33,2010,64,50,78,78,69,50,2.8,4
QB,Baker Mayfield,23,2018,71,54,84,85,73,72,8.2,4
QB,Drew Stanton,34,2007,60,65,82,79,65,30,3.3,2
QB,Tyrod Taylor,29,2011,71,69,84,81,69,70,15.3,2
RB,Nick Chubb,23,2018,66,53,76,77,78,65,1.8,4
RB,Carlos Hyde,28,2014,72,77,77,76,78,69,5.1,3
RB,Duke Johnson,25,2015,74,71,80,80,74,60,5.2,3
S,Damarious Randall,26,2015,69,62,82,69,80,54,2.0,4
WR,Orson Charles,27,2012,58,59,69,75,67,69,0.8,1
WR,Seth DeValve,25,2016,67,67,76,73,73,41,0.7,4
WR,Darren Fells,32,2014,67,74,72,72,63,45,4.0,3
WR,David Njoku,22,2017,71,57,79,73,75,64,2.4,4
WR,Antonio Callaway,21,2018,60,46,79,68,82,72,0.8,4
WR,Rashard Higgins,24,2016,60,60,78,72,76,54,0.6,2
WR,Jarvis Landry,26,2014,77,80,82,87,81,77,15.1,5
WR,Ricardo Louis,24,2016,61,59,80,71,81,70,0.7,4
WR,Damion Ratley,23,2018,57,41,79,70,83,69,0.7,4
WR,Rod Streater,30,2012,60,62,80,73,78,61,0.8,1
WR,Derrick Willies,24,2018,54,47,76,75,81,53,0.6,3
END_PLAYERS
Cincinnati Bengals, CIN
OL,Billy Price,23,2018,65,54,77,78,71,69,2.9,4
CB,Davontae Harris,23,2018,58,46,80,66,81,46,0.7,4
CB,William Jackson,26,2016,74,71,81,75,83,44,2.4,4
CB,Tony McRae,25,2017,56,45,76,58,77,52,0.5,2
CB,Darius Phillips,23,2018,57,44,82,62,82,41,0.7,4
S,Jessie Bates,21,2018,67,58,78,80,78,69,4.9,4
CB,Darqueze Dennard,27,2014,69,69,85,52,81,69,2.0,4
S,Trayvon Henderson,23,2018,56,49,76,79,75,49,0.6,3
CB,Dre Kirkpatrick,29,2012,70,75,85,54,77,75,10.5,5
S,Shawn Williams,27,2013,71,66,78,67,79,66,5.0,4
S,Brandon Wilson,24,2017,54,46,76,65,82,41,0.5,2
DL,Carlos Dunlap,29,2010,74,79,79,69,71,79,13.6,3
DL,Sam Hubbard,22,2018,61,48,71,64,65,48,0.9,4
DL,Michael Johnson,31,2009,69,70,74,65,67,70,4.8,1
DL,Carl Lawson,23,2017,72,65,78,78,57,65,0.8,4
DL,Jordan Willis,23,2017,68,58,77,75,69,58,0.9,4
DL,Geno Atkins,30,2010,81,87,80,80,77,87,16.3,4
DL,Andrew Billings,23,2016,61,55,69,81,57,55,0.7,4
DL,Ryan Glasgow,25,2017,62,59,66,78,65,59,0.7,4
DL,Josh Tupou,24,2017,56,51,70,77,58,51,0.5,2
RB,Cethan Carter,25,2017,58,42,73,66,73,42,0.6,3
K,Randy Bullock,29,2012,66,47,75,84,73,53,0.7,2 
LB,Preston Brown,26,2014,65,71,83,73,62,60,4.0,1
LB,Vontaze Burfict,28,2012,77,74,83,81,75,68,10.8,3
LB,Jordan Evans,23,2017,57,55,77,68,57,45,0.6,4
LB,Malik Jefferson,22,2018,60,42,83,69,65,50,0.9,4
LB,Hardy Nickerson,24,2017,55,47,79,76,60,49,1.0,2
LB,Vincent Rey,31,2010,61,68,80,78,58,52,3.5,3
LB,Nick Vigil,25,2016,61,62,76,72,61,52,0.8,4
OL,Clark Harris,34,2007,44,58,70,64,43,52,1.1,1
OL,Trey Hopkins,26,2014,60,67,65,77,62,65,0.5,2
OL,Alex Redmond,23,2017,56,48,67,76,62,61,0.5,2
OL,Rod Taylor,24,2018,53,49,74,69,63,61,0.6,4
OL,Christian Westerman,25,2016,56,50,77,78,61,61,0.6,4
OL,Clint Boling,29,2011,67,72,71,77,67,69,5.2,5
OL,Jake Fisher,25,2015,60,72,77,75,62,63,1.1,4
OL,Cordy Glenn,29,2012,69,75,73,83,63,71,12.0,5
OL,Bobby Hart,24,2015,54,61,65,74,62,57,1.0,1
OL,Cedric Ogbuehi,26,2015,58,67,78,72,62,62,2.3,4
K,Kevin Huber,33,2009,63,47,80,78,65,54,2.7,3
QB,Andy Dalton,31,2011,67,71,81,80,72,48,16.0,6
QB,Jeff Driskel,25,2016,58,52,81,81,59,62,0.6,4
RB,Giovani Bernard,27,2013,74,67,84,42,81,73,5.2,3
RB,Tra Carson,26,2018,44,40,78,71,74,46,0.8,1
RB,Joe Mixon,22,2017,71,68,84,66,81,69,1.4,4
RB,Thomas Rawls,25,2015,63,65,77,74,80,61,0.7,1
RB,Mark Walton,21,2018,50,50,50,50,50,50,0.8,4
S,Clayton Fejedelem,25,2016,57,56,80,55,77,59,0.6,4
WR,Tyler Eifert,28,2013,79,76,85,78,74,47,5.5,1
WR,Tyler Kroft,26,2015,69,68,74,73,71,55,0.8,4
WR,Mason Schreck,25,2017,57,42,73,70,70,48,0.6,4
WR,C.J. Uzomah,25,2015,64,55,74,67,75,52,0.6,4
WR,Tyler Boyd,24,2016,64,67,79,76,78,56,1.1,4
WR,Cody Core,24,2016,59,54,79,70,80,53,0.6,4
WR,Alex Erickson,26,2016,56,53,78,70,78,51,2.3,2
WR,A.J. Green,30,2011,83,88,86,83,80,74,15.0,4
WR,Josh Malone,22,2017,60,58,76,73,82,54,0.7,4
WR,John Ross,24,2017,66,53,82,72,87,75,4.3,4
WR,Auden Tate,21,2018,58,47,77,70,75,52,0.6,4
END_PLAYERS
Pittsburgh Steelers, PIT
OL,B.J. Finney,27,2016,60,60,74,74,63,67,0.6,1
OL,Maurkice Pouncey,29,2010,75,80,78,81,63,74,8.8,5
CB,Artie Burns,23,2016,71,72,80,71,81,47,2.4,4
CB,Mike Hilton,24,2017,68,70,76,73,77,54,0.6,1
CB,Trey Johnson,24,2018,50,50,50,50,50,50,0.6,3
CB,Cameron Sutton,23,2017,59,52,83,59,78,48,0.8,4
S,Marcus Allen,22,2018,57,47,81,47,75,47,0.7,4
S,Nat Berhe,27,2014,55,54,78,56,77,54,0.8,1
S,Morgan Burnett,29,2010,74,73,82,64,76,73,4.8,3
S,Jordan Dangerfield,28,2014,61,53,77,49,75,53,0.6,1
S,Terrell Edmunds,21,2018,64,54,80,64,80,54,2.7,4
S,Malik Golden,25,2018,50,50,50,50,50,50,0.5,1
CB,Joe Haden,29,2010,75,76,88,56,78,76,9.0,3
CB,Coty Sensabaugh,30,2012,62,62,82,42,80,62,1.3,2
DL,Tyson Alualu,31,2010,67,73,65,76,69,73,3.0,2
DL,Stephon Tuitt,25,2014,76,79,64,81,70,79,12.0,5
DL,L.T. Walton,26,2015,61,66,65,75,58,66,2.3,4
DL,Javon Hargrave,25,2016,70,72,74,78,65,72,0.8,4
DL,Cameron Heyward,29,2011,78,85,78,80,74,85,9.9,6
DL,Dan McCullers,26,2014,61,63,56,78,63,63,0.9,1
RB,Roosevelt Nix,26,2015,58,63,72,68,69,42,1.7,4
K,Chris Boswell,27,2015,69,56,74,82,78,55,4.0,4
LB,Olasunkanmi Adeniyi,21,2018,53,42,68,75,70,50,0.6,3
LB,Jon Bostic,27,2013,63,67,81,73,73,44,2.0,2
LB,Anthony Chickillo,26,2015,58,57,75,66,57,48,1.9,1
LB,Bud Dupree,25,2015,62,58,73,72,56,53,2.3,4
LB,L.J. Fort,28,2012,58,56,73,74,57,60,0.7,2
LB,Keith Kelsey,23,2017,50,50,50,50,50,50,0.5,1
LB,Tyler Matakevich,26,2016,57,54,80,73,59,53,0.6,4
LB,Ryan Shazier,26,2014,76,78,83,77,67,73,2.4,4
LB,Matthew Thomas,23,2018,50,41,75,67,58,49,0.6,3
LB,T.J. Watt,24,2017,70,65,74,71,70,63,2.3,4
LB,Vince Williams,29,2013,68,78,77,76,65,61,6.2,3
OL,Kameron Canaday,26,2016,40,43,74,59,47,48,0.6,1
OL,David DeCastro,28,2012,85,81,80,84,85,83,10.0,5
OL,Ramon Foster,32,2009,68,84,71,78,63,69,3.2,3
OL,Zach Banner,25,2017,57,49,43,64,46,80,0.6,1
OL,Joseph Cheek,25,2016,48,48,70,69,63,60,0.5,1
OL,Matt Feiler,26,2014,59,42,73,84,67,61,0.5,2
OL,Marcus Gilbert,30,2011,76,85,76,81,75,76,6.2,5
OL,Jerald Hawkins,25,2016,57,50,76,71,68,62,0.7,4
OL,Chuks Okorafor,21,2018,50,50,50,50,50,50,0.9,4
OL,Alejandro Villanueva,30,2014,68,77,64,76,69,69,6.0,4
K,Jordan Berry,27,2015,69,55,80,81,74,49,1.9,1
QB,Joshua Dobbs,23,2017,59,56,86,81,66,64,0.7,4
QB,Ben Roethlisberger,36,2004,78,85,85,85,76,61,21.9,4
QB,Mason Rudolph,23,2018,62,51,86,80,70,50,1.0,4
RB,James Conner,23,2017,63,62,74,74,75,55,0.8,4
RB,Stevan Ridley,29,2011,58,62,76,73,72,53,0.8,1
RB,Jaylen Samuels,22,2018,58,45,80,66,77,63,0.7,4
S,Sean Davis,25,2016,63,68,80,54,80,56,1.0,4
WR,Xavier Grimble,26,2014,63,62,72,66,66,45,0.6,1
WR,Jesse James,24,2015,67,73,81,76,73,42,0.6,4
WR,Ryan Malleck,25,2017,56,40,73,63,69,49,0.5,1
WR,Vance McDonald,28,2013,69,57,81,72,72,44,6.6,3
WR,Jake McGee,27,2016,52,48,74,70,71,47,0.5,1
WR,Antonio Brown,30,2010,89,89,86,89,82,87,17.0,4
WR,Darrius Heyward-Bey,31,2009,59,69,75,69,81,65,1.3,3
WR,Justin Hunter,27,2013,62,58,78,67,80,60,0.9,1
WR,Eli Rogers,26,2016,66,68,78,80,82,52,0.6,1
WR,JuJu Smith-Schuster,22,2017,70,71,84,78,79,64,1.0,4
WR,Ryan Switzer,24,2017,64,57,85,73,80,68,0.7,4
WR,James Washington,22,2018,64,45,84,73,80,59,1.1,4
END_PLAYERS
Buffalo Bills, BUF
OL,Russell Bodine,26,2014,63,67,73,87,63,65,2.5,2
OL,Ryan Groy,28,2014,59,65,68,76,68,60,2.5,2
CB,Taron Johnson,22,2018,58,46,76,64,79,50,0.8,4
CB,Lafayette Pitts,26,2016,57,48,80,66,80,44,0.6,1
CB,Tre'Davious White,23,2017,78,77,85,79,81,59,2.5,4
S,Rafael Bush,31,2011,62,68,74,49,77,68,1.8,2
CB,Phillip Gaines,27,2014,62,56,82,44,83,56,0.9,1
S,Micah Hyde,28,2013,82,85,80,48,78,85,6.1,5
CB,Ryan Lewis,24,2018,58,47,81,79,82,52,0.5,1
S,Siran Neal,24,2018,58,44,76,50,77,44,0.7,4
S,Jordan Poyer,27,2013,78,69,83,56,77,69,3.3,4
DL,Jerry Hughes,30,2010,73,75,74,66,79,75,9.0,5
DL,Shaq Lawson,24,2016,67,60,70,75,70,60,2.6,4
DL,Trent Murphy,28,2014,71,68,73,73,68,68,7.5,3
DL,Nate Orchard,25,2015,60,59,79,66,63,59,0.7,1
DL,Eddie Yarbrough,25,2017,62,55,66,72,67,55,0.6,1
DL,Star Lotulelei,29,2013,66,66,74,86,58,66,10.0,5
DL,Harrison Phillips,22,2018,61,42,84,82,71,42,0.8,4
DL,Kyle Williams,35,2006,72,78,75,80,70,78,5.5,1
K,Steven Hauschka,33,2008,69,50,70,86,79,54,3.0,3
LB,Lorenzo Alexander,35,2007,68,76,74,70,62,44,3.0,2
LB,Tremaine Edmunds,20,2018,65,51,78,75,74,57,3.2,4
LB,Ramon Humber,31,2009,58,64,75,72,57,48,1.0,1
LB,Deon Lacey,28,2017,60,53,80,65,58,62,0.6,3
LB,Matt Milano,24,2017,66,63,79,74,66,51,0.7,4
LB,Julian Stanford,28,2012,59,58,68,69,57,49,1.5,2
OL,Reid Ferguson,24,2017,46,45,74,52,40,44,0.5,2
DL,Robert Thomas,27,2014,57,53,59,55,55,55,0.6,1
OL,Vladimir Ducasse,30,2010,64,65,66,82,64,68,1.2,3
OL,John Miller,25,2015,63,68,68,76,60,66,0.7,4
OL,Marshall Newhouse,30,2010,58,63,65,76,63,61,1.5,1
OL,Wyatt Teller,24,2018,59,44,77,78,63,65,0.7,4
OL,Ike Boettger,24,2018,49,52,47,66,53,64,0.6,3
OL,Dion Dawkins,24,2017,67,67,82,80,73,68,1.0,4
OL,Conor McDermott,26,2017,54,49,71,74,63,61,0.6,4
OL,Jordan Mills,28,2013,62,70,75,74,63,66,1.9,2
K,Corey Bojorquez,22,2018,64,40,76,84,68,53,0.6,3
K,Cory Carter,24,2017,40,40,40,40,40,40,0.0,1
QB,Josh Allen,22,2018,64,52,83,89,67,53,5.3,4
QB,Nathan Peterman,24,2017,58,58,84,81,66,43,0.7,4
RB,Patrick DiMarco,29,2012,57,71,76,63,65,54,2.1,4
RB,Chris Ivory,30,2010,70,74,72,81,78,58,2.8,2
RB,Taiwan Jones,30,2011,64,58,75,45,82,73,0.9,1
RB,LeSean McCoy,30,2009,80,78,82,44,80,77,8.0,5
RB,Marcus Murphy,27,2015,60,47,73,37,76,75,0.7,3
WR,Charles Clay,29,2011,74,76,81,74,72,58,7.6,5
WR,Jason Croom,24,2018,57,48,75,65,73,61,0.5,2
WR,Khari Lee,26,2015,61,51,77,64,66,47,0.7,2
WR,Logan Thomas,27,2014,60,48,77,63,74,56,0.8,1
WR,Kelvin Benjamin,27,2014,74,78,77,79,75,55,1.9,4
WR,Robert Foster,24,2018,56,55,82,80,72,45,0.6,3
WR,Andre Holmes,30,2012,65,69,74,73,77,65,1.7,3
WR,Zay Jones,23,2017,65,65,82,76,80,60,1.7,4
WR,Ray-Ray McCloud,22,2018,58,43,78,74,78,71,0.7,4
END_PLAYERS
New England Patriots, NE
OL,David Andrews,26,2015,74,84,78,76,76,72,3.0,3
OL,Shaq Mason,25,2015,73,79,65,77,77,67,9.0,5
OL,Brian Schwenke,27,2013,58,64,61,74,51,81,0.8,1
CB,Stephon Gilmore,28,2012,77,74,86,77,81,51,13.0,5
CB,Cyrus Jones,25,2016,61,50,79,63,80,44,0.9,2
CB,Jason McCourty,31,2009,77,75,77,75,82,60,3.0,2
S,Patrick Chung,31,2009,73,75,86,59,75,75,3.9,2
CB,Keion Crossen,22,2018,59,41,78,43,85,41,0.5,4
CB,Duke Dawson,22,2018,62,47,80,80,79,46,1.2,4
S,Nate Ebner,30,2012,59,55,82,68,76,55,2.5,2
S,Duron Harmon,27,2013,70,72,78,55,78,72,4.3,4
CB,J.C. Jackson,23,2018,60,60,60,60,60,60,0.6,3
CB,Jonathan Jones,25,2016,66,61,74,58,85,61,0.5,3
S,Devin McCourty,31,2010,82,82,87,45,80,82,9.5,5
CB,Eric Rowe,26,2015,64,57,82,64,81,57,1.2,4
DL,Adrian Clayborn,30,2011,74,78,67,74,58,78,5.0,2
DL,Keionta Davis,24,2018,63,55,72,76,58,76,0.6,3
DL,Trey Flowers,25,2015,76,78,69,77,74,78,0.7,4
DL,Geneo Grissom,26,2015,58,43,75,63,63,43,1.3,2
DL,Derek Rivers,24,2017,62,49,75,74,70,49,0.8,4
DL,Deatrich Wise,24,2017,65,64,65,74,61,75,0.7,4
DL,Malcom Brown,24,2015,72,75,59,75,78,75,1.9,4
DL,Adam Butler,24,2017,63,65,75,76,58,65,0.6,3
DL,Lawrence Guy,28,2011,68,72,63,74,70,72,3.8,4
DL,Danny Shelton,25,2015,75,76,64,85,76,76,2.9,4
RB,James Develin,30,2012,66,74,68,68,60,37,1.9,2
K,Stephen Gostkowski,34,2006,73,58,77,86,78,49,4.3,4
LB,Ja'Whaun Bentley,22,2018,59,48,74,72,72,48,0.7,4
LB,Nicholas Grigsby,26,2016,54,46,79,68,56,53,0.6,2
LB,Dont'a Hightower,28,2012,74,78,85,84,60,54,8.9,4
LB,Brandon King,25,2015,55,51,77,44,45,58,1.3,2
LB,Elandon Roberts,24,2016,63,68,73,76,60,51,0.6,4
LB,Christian Sam,22,2018,55,42,76,68,68,52,0.7,4
LB,Kyle Van Noy,27,2014,66,69,85,75,59,62,5.9,2
OL,Joe Cardona,26,2015,38,48,65,72,45,47,1.1,4
OL,Ted Karras,25,2016,60,57,74,76,66,61,0.6,3
OL,Joe Thuney,26,2016,69,78,74,76,69,72,0.8,4
OL,Trent Brown,25,2015,72,74,63,81,63,75,2.3,4
OL,Marcus Cannon,30,2011,72,77,65,82,78,67,6.5,5
OL,Cole Croston,25,2017,56,43,69,72,66,61,0.6,1
OL,Ulrick John,26,2014,55,53,72,67,64,62,0.7,1
OL,LaAdrian Waddle,27,2013,60,64,73,77,65,62,1.5,1
OL,Isaiah Wynn,22,2018,67,59,79,77,70,73,2.9,4
K,Ryan Allen,28,2013,70,59,70,81,75,52,2.0,3
QB,Tom Brady,41,2000,89,89,89,86,87,37,15.0,2
QB,Brian Hoyer,33,2009,59,65,78,77,67,27,1.5,3
RB,Rex Burkhead,28,2013,68,73,86,65,74,67,3.3,3
RB,Jeremy Hill,26,2014,66,74,72,73,78,65,1.5,1
RB,Sony Michel,23,2018,67,55,79,72,80,71,2.4,4
RB,James White,26,2014,73,73,78,52,79,73,4.0,3
WR,Dwayne Allen,28,2012,71,71,80,74,65,46,7.4,4
WR,Rob Gronkowski,29,2010,89,86,82,86,73,49,9.0,6
WR,Jacob Hollister,25,2017,62,50,78,68,74,61,0.6,3
WR,Ryan Izzo,23,2018,58,45,73,64,64,48,0.6,4
WR,Braxton Berrios,23,2018,60,50,79,68,81,66,0.6,4
WR,Phillip Dorsett,25,2015,65,65,78,74,85,72,2.0,4
WR,Julian Edelman,32,2009,78,84,85,80,75,78,5.5,2
WR,Josh Gordon,27,2012,72,75,78,77,80,70,0.8,1
WR,Chris Hogan,30,2012,73,78,77,82,78,52,4.0,3
WR,Cordarrelle Patterson,27,2013,66,62,80,74,81,83,4.3,2
WR,Matthew Slater,33,2008,58,75,79,65,76,61,2.6,2
END_PLAYERS
Miami Dolphins, MIA
OL,Jake Brendel,26,2016,52,45,80,70,65,62,0.6,1
OL,Daniel Kilgore,31,2011,63,74,65,79,65,65,3.9,3
OL,Ted Larsen,31,2010,57,62,73,69,60,64,1.9,3
OL,Travis Swanson,27,2014,60,76,77,77,62,60,0.8,1
CB,Xavien Howard,25,2016,65,56,80,66,81,53,1.5,4
CB,Bobby McCain,25,2015,69,71,82,66,79,51,6.8,4
CB,Torry McTyer,23,2017,55,42,79,65,82,43,0.6,3
CB,Cordrea Tankersley,25,2017,64,59,82,62,82,59,0.8,4
CB,Walt Aikens,27,2014,59,55,79,47,79,55,1.4,2
CB,Cornell Armstrong,23,2018,58,42,78,51,81,42,0.6,4
S,Minkah Fitzpatrick,22,2018,69,61,83,54,80,61,4.1,4
S,Reshad Jones,30,2010,81,78,83,65,76,78,12.0,5
S,T.J. McDonald,27,2013,65,65,65,65,65,65,6.0,4
S,Maurice Smith,23,2017,55,50,76,51,75,50,0.6,1
DL,Andre Branch,29,2012,65,75,57,63,58,75,8.0,3
DL,Charles Harris,23,2017,68,60,70,66,59,60,2.7,4
DL,William Hayes,33,2008,77,75,76,75,80,75,4.1,1
DL,Robert Quinn,28,2011,71,68,78,77,58,68,14.3,4
DL,Cameron Wake,36,2009,79,82,75,75,59,82,8.1,2
DL,Davon Godchaux,24,2017,64,64,67,75,67,64,0.7,4
DL,Jordan Phillips,26,2015,64,61,62,79,57,61,1.1,4
DL,Akeem Spence,27,2013,64,62,59,81,64,62,3.0,3
DL,Vincent Taylor,24,2017,60,56,68,74,68,56,0.6,4
K,Jason Sanders,23,2018,63,43,71,82,69,50,0.6,4
LB,Chase Allen,25,2017,60,62,77,73,61,49,0.6,3
LB,Kiko Alonso,28,2013,63,69,86,76,59,48,7.2,4
LB,Stephone Anthony,26,2015,62,57,79,74,56,62,1.9,4
LB,Jerome Baker,22,2018,60,49,77,70,60,52,1.0,4
LB,Mike Hull,27,2015,59,59,81,73,58,50,0.7,1
LB,Raekwon McMillan,23,2017,63,54,80,75,70,57,1.2,4
OL,John Denney,40,2005,48,77,72,64,41,45,1.1,1
OL,Jesse Davis,27,2017,56,61,74,74,62,60,0.5,2
OL,Josh Sitton,32,2008,78,80,76,81,80,77,6.8,2
OL,Ja'Wuan James,26,2014,74,76,76,74,62,77,2.1,4
OL,Zach Sterup,26,2017,53,44,70,76,63,57,0.5,2
OL,Laremy Tunsil,24,2016,67,70,79,78,63,70,3.1,4
OL,Sam Young,31,2010,55,65,72,73,62,62,0.9,1
K,Matt Haack,24,2017,70,50,73,86,72,51,0.6,3
QB,David Fales,28,2014,57,49,82,75,69,41,0.9,1
QB,Luke Falk,24,2018,55,52,81,77,66,35,0.7,4
QB,Brock Osweiler,28,2012,62,61,78,85,66,39,0.9,1
QB,Bryce Petty,27,2016,58,53,77,81,65,43,0.1,1
QB,Ryan Tannehill,30,2012,68,68,85,82,71,62,19.3,4
RB,Kalen Ballage,23,2018,61,50,80,75,80,64,0.8,4
RB,Brandon Bolden,28,2012,58,66,75,73,77,49,0.8,1
RB,Kenyan Drake,24,2016,72,74,77,54,81,69,0.8,4
RB,Frank Gore,35,2005,66,88,80,73,72,64,1.1,1
RB,Senorise Perry,27,2014,54,41,76,44,81,62,0.6,2
WR,A.J. Derby,27,2015,67,49,75,71,72,44,0.6,4
WR,Mike Gesicki,23,2018,67,47,75,72,75,53,1.7,4
WR,MarQueis Gray,29,2013,59,60,72,67,70,62,1.0,2
WR,Durham Smythe,23,2018,59,43,73,64,69,44,0.8,4
WR,Danny Amendola,33,2009,75,87,87,82,74,78,6.0,2
WR,Jakeem Grant,26,2016,63,58,77,72,86,73,0.6,4
WR,Tanner McEvoy,25,2016,59,58,76,69,77,65,0.1,1
WR,DeVante Parker,25,2015,71,75,78,75,81,56,2.7,4
WR,Kenny Stills,26,2013,74,83,80,78,82,74,8.0,4
WR,Albert Wilson,26,2014,67,75,78,74,81,71,8.0,3
END_PLAYERS
New York Jets, NYJ
OL,Jonotthan Harrison,27,2014,58,64,72,77,61,61,0.9,1
OL,Spencer Long,28,2014,64,75,75,78,63,65,6.9,4
CB,Juston Burris,25,2016,60,53,80,58,78,52,0.7,4
CB,Morris Claiborne,28,2012,68,69,84,65,79,48,7.0,1
CB,Trumaine Johnson,28,2012,72,76,84,75,78,59,14.5,5
CB,Derrick Jones,24,2017,55,40,80,59,80,44,0.6,4
CB,Darryl Roberts,28,2015,66,59,78,61,82,45,0.6,4
CB,Rashard Robinson,23,2016,61,56,82,58,83,48,0.7,4
S,Terrence Brooks,26,2014,66,57,81,72,81,52,2.0,2
S,Marcus Maye,25,2017,68,66,82,67,80,66,1.6,4
S,Rontez Miles,30,2013,61,57,77,57,75,57,1.9,1
CB,Parry Nickerson,24,2018,59,42,79,45,85,42,0.7,4
CB,Buster Skrine,29,2011,70,68,81,42,81,68,6.3,4
S,J.J. Wilcox,27,2013,61,63,78,55,77,63,1.3,1
DL,Henry Anderson,27,2015,70,75,64,76,70,75,0.7,4
DL,Nathan Shepherd,25,2018,60,46,79,76,67,46,1.0,4
DL,Leonard Williams,24,2015,74,76,63,77,73,76,4.7,4
DL,Foley Fatukasi,23,2018,50,50,50,50,50,50,0.7,4
DL,Mike Pennel,27,2014,58,56,64,77,64,56,3.5,3
S,Doug Middleton,25,2016,53,47,74,55,77,56,0.6,1
LB,Darron Lee,24,2016,63,71,77,72,59,47,2.6,4
LB,Avery Williamson,26,2014,73,78,81,77,77,56,7.5,3
K,Jason Myers,27,2015,66,44,70,86,66,47,0.7,1
LB,Jeremiah Attaochu,25,2014,63,59,72,68,62,52,0.8,1
LB,Neville Hewitt,25,2015,57,57,75,67,58,64,0.7,1
LB,Frankie Luvu,22,2018,58,55,68,74,75,63,0.6,3
LB,Josh Martin,27,2013,63,52,70,66,71,62,1.9,2
LB,Kevin Pierre-Louis,27,2014,62,63,83,72,57,51,2.6,2
OL,Thomas Hennessy,24,2017,43,47,72,54,45,49,0.6,3
DL,Steve McLendon,32,2010,73,76,65,65,65,65,3.5,3
OL,James Carpenter,29,2011,61,68,71,80,62,64,4.8,4
OL,Dakota Dozier,27,2014,56,61,72,73,64,62,0.9,1
OL,Brian Winters,27,2013,59,74,78,74,62,62,7.3,4
OL,Brandon Copeland,27,2015,61,46,76,63,59,52,1.2,1
OL,Jordan Jenkins,24,2016,69,63,73,72,70,61,0.8,4
OL,Kelvin Beachum,29,2012,69,74,71,74,62,73,8.0,3
OL,Ben Ijalana,29,2011,58,57,70,76,65,62,2.5,1
OL,Brent Qvale,27,2014,54,55,74,66,63,63,1.9,1
OL,Brandon Shell,26,2016,59,62,77,72,62,65,0.6,4
K,Lac Edwards,26,2016,67,52,73,81,72,54,0.6,4
QB,Sam Darnold,21,2018,65,67,85,80,72,45,7.6,4
QB,Josh McCown,39,2002,68,75,80,77,73,32,10.0,1
RB,Trenton Cannon,24,2018,60,50,76,46,82,68,0.6,4
RB,Isaiah Crowell,25,2014,69,76,75,73,78,65,4.0,3
RB,Elijah McGuire,24,2017,62,52,77,69,79,72,0.6,4
RB,Bilal Powell,30,2011,69,77,75,63,78,70,3.8,3
S,Jamal Adams,23,2017,76,71,83,74,81,67,5.6,4
WR,Chris Herndon,22,2018,60,47,70,70,65,61,0.8,4
WR,Jordan Leggett,23,2017,61,47,76,72,72,59,0.7,4
WR,Neal Sterling,26,2015,63,60,75,80,78,58,1.9,1
WR,Eric Tomlinson,26,2016,61,63,73,67,70,47,0.6,1
WR,Robby Anderson,25,2016,74,78,79,79,84,65,0.5,3
WR,Quincy Enunwa,26,2014,69,73,77,74,80,61,2.9,1
WR,Jermaine Kearse,28,2012,73,77,82,78,80,65,4.5,3
WR,Charone Peake,26,2016,55,40,78,66,83,64,0.6,4
WR,Terrelle Pryor Sr,29,2011,65,76,81,74,80,67,4.5,1
WR,Andre Roberts,30,2010,61,71,78,79,80,47,1.0,1
END_PLAYERS
Tennessee Titans, TEN
OL,Ben Jones,29,2012,70,77,80,78,68,71,4.4,4
CB,Adoree' Jackson,23,2017,73,66,83,74,83,60,2.8,4
CB,LeShaun Sims,25,2016,64,68,80,57,78,49,0.6,4
CB,Tye Smith,25,2015,59,55,78,67,77,45,0.6,2
CB,Malcolm Butler,28,2014,77,78,78,53,80,78,12.3,5
S,Kevin Byard,25,2016,79,78,80,63,79,78,0.9,4
CB,Dane Cruikshank,23,2018,60,44,80,67,82,44,0.7,4
S,Johnathan Cyprien,28,2013,72,73,83,59,78,73,4.5,4
CB,Kenneth Durden,26,2018,54,45,79,82,79,59,0.5,1
S,Kendrick Lewis,30,2010,64,64,81,50,71,64,0.9,1
CB,Logan Ryan,27,2013,73,74,83,48,77,74,10.0,3
S,Brynden Trawick,29,2013,56,52,79,54,74,52,2.4,2
S,Kenny Vaccaro,27,2013,74,73,75,80,78,59,1.5,1
DL,Matt Dickerson,23,2018,52,46,69,70,67,46,0.6,3
DL,Jurrell Casey,29,2011,79,83,82,82,75,83,15.1,4
DL,DaQuan Jones,27,2014,71,77,68,78,72,77,7.0,3
DL,Bennie Logan,29,2013,69,70,69,79,68,70,4.0,1
DL,Johnny Maxey,25,2016,55,55,55,55,55,55,0.5,2
K,Ryan Succop,32,2009,67,54,71,80,73,54,4.0,5
LB,Daren Bates,28,2013,57,45,81,69,55,66,2.0,3
LB,Jayon Brown,23,2017,58,61,77,72,58,51,0.7,4
LB,Will Compton,29,2013,62,67,77,72,66,50,1.3,1
LB,Kamalei Correa,24,2016,59,62,74,72,57,54,1.4,4
LB,Rashaan Evans,22,2018,66,55,78,73,72,58,2.9,4
LB,Sharif Finch,23,2018,53,46,74,68,58,44,0.4,3
LB,Harold Landry,22,2018,65,48,77,71,66,53,1.7,4
LB,Derrick Morgan,29,2010,66,67,80,67,57,51,6.8,4
LB,Brian Orakpo,32,2009,76,74,78,75,62,65,7.8,4
LB,Nate Palmer,29,2013,57,57,72,70,60,53,1.2,2
LB,Wesley Woodyard,32,2008,70,78,83,80,76,49,3.5,3
OL,Beau Brinkley,28,2012,47,45,66,59,49,52,1.2,5
DL,Austin Johnson,24,2016,49,53,72,55,55,55,1.4,4
OL,Josh Kline,29,2013,70,77,72,73,62,73,6.5,4
OL,Corey Levin,24,2017,56,48,71,75,63,62,0.6,4
OL,Kevin Pamphile,28,2014,59,67,65,72,62,61,1.4,1
OL,Quinton Spain,27,2015,65,75,66,74,66,68,1.9,1
OL,Aaron Stinnie,24,2018,51,45,40,63,52,72,0.6,3
OL,Jack Conklin,24,2016,71,78,78,77,72,74,4.0,4
OL,Dennis Kelly,28,2012,56,57,75,76,63,60,1.5,2
OL,Taylor Lewan,27,2014,75,81,80,81,66,75,16.0,5
OL,Tyler Marz,26,2018,53,46,70,70,61,61,0.6,2
K,Austin Barnard,23,2018,55,55,55,55,55,55,0.6,3
K,Brett Kern,32,2008,69,58,65,80,76,62,3.0,5
QB,Blaine Gabbert,29,2011,60,67,78,78,66,43,2.0,2
QB,Marcus Mariota,25,2015,69,72,87,79,69,69,6.1,4
RB,Dalyn Dawkins,24,2018,55,49,72,78,72,49,0.5,1
RB,David Fluellen,26,2017,50,52,79,73,73,49,0.6,2
RB,Derrick Henry,24,2016,76,77,79,80,79,66,1.4,4
RB,Dion Lewis,28,2011,77,71,79,51,80,80,5.0,4
WR,MyCole Pruitt,26,2015,60,51,68,70,76,49,0.6,1
WR,Jonnu Smith,23,2017,64,63,78,71,75,61,0.8,4
WR,Luke Stocker,30,2011,63,55,85,65,70,40,1.1,2
WR,Delanie Walker,34,2006,83,83,79,83,75,54,8.5,2
WR,Michael Campanaro,27,2014,57,62,81,72,80,68,0.8,1
WR,Corey Davis,23,2017,70,62,81,74,80,64,6.3,4
WR,Darius Jennings,26,2015,51,45,78,66,80,66,0.7,2
WR,Rishard Matthews,29,2012,72,80,83,79,79,60,7.7,1
WR,Tajae Sharpe,24,2016,65,64,78,76,77,67,0.7,4
WR,Taywan Taylor,23,2017,66,57,83,72,82,72,0.9,4
WR,Nick Williams,28,2013,54,50,78,70,75,61,0.7,1
END_PLAYERS
Jacksonville Jaguars, JAX
OL,Brandon Linder,26,2014,79,79,69,79,79,80,10.3,5
OL,Tyler Shatley,27,2014,56,56,65,85,62,59,1.0,2
CB,Tre Herndon,22,2018,57,58,79,81,70,46,0.6,3
CB,Jalen Ramsey,24,2016,87,87,81,83,83,62,5.8,4
CB,A.J. Bouye,27,2013,84,86,81,56,79,86,13.5,5
S,Barry Church,30,2010,73,76,80,59,74,76,6.5,4
S,Cody Davis,29,2013,68,60,76,45,80,60,2.6,2
S,Tashaun Gipson,28,2012,75,77,82,61,75,77,7.2,5
S,Ronnie Harrison,21,2018,60,48,81,64,76,48,0.8,4
CB,D.J. Hayden,28,2013,64,60,81,47,81,60,6.3,3
CB,Tyler Patmon,27,2014,60,57,81,52,78,57,0.7,2
S,Jarrod Wilson,24,2016,60,53,78,61,77,53,0.5,3
DL,Dante Fowler,24,2015,72,66,75,78,74,63,1.5,4
DL,Lerentee McCray,28,2014,58,57,74,60,59,57,2.8,2
DL,Yannick Ngakoue,23,2016,76,76,73,70,57,76,0.9,4
DL,Dawuane Smoot,23,2017,62,54,78,72,65,54,1.0,4
DL,Eli Ankou,24,2017,59,59,71,72,60,59,0.6,3
DL,Taven Bryan,22,2018,66,46,76,83,70,46,2.5,4
DL,Calais Campbell,32,2008,82,82,82,77,82,82,15.0,4
DL,Marcell Dareus,28,2011,74,70,66,84,69,70,16.1,6
DL,Kaleb Eulls,27,2015,50,50,50,50,50,50,0.6,1
DL,Mike Hughes,21,2018,65,53,84,57,44,53,2.5,4
DL,Malik Jackson,28,2012,75,81,79,73,72,81,14.3,6
DL,Abry Jones,27,2013,67,74,66,78,65,74,3.9,4
K,Josh Lambo,28,2015,68,50,75,84,78,62,0.7,2
LB,Blair Brown,24,2017,60,54,79,74,66,48,0.7,4
LB,Myles Jack,23,2016,74,71,76,74,64,74,1.6,4
LB,Leon Jacobs,23,2018,57,42,76,69,61,48,0.6,4
LB,Donald Payne,24,2017,56,44,80,71,54,57,0.6,3
LB,Telvin Smith,27,2014,80,81,77,78,78,70,11.3,4
OL,Carson Tinker,29,2013,47,68,75,62,47,49,0.9,4
OL,A.J. Cann,27,2015,61,72,66,79,63,64,0.8,4
OL,Andrew Norwell,27,2014,81,83,72,77,77,82,13.3,5
OL,Chris Reed,26,2016,56,51,72,75,62,61,0.5,2
OL,Josh Walker,27,2014,52,43,69,66,67,60,0.7,2
OL,Jermey Parnell,32,2011,68,73,69,74,68,73,6.4,5
OL,Will Richardson,22,2018,56,42,55,67,47,74,0.8,4
OL,Cam Robinson,23,2017,63,67,81,81,63,66,1.8,4
OL,Josh Wells,27,2014,58,53,73,73,68,63,0.8,2
K,Logan Cooke,23,2018,64,44,76,82,71,42,0.6,4
QB,Blake Bortles,26,2014,70,74,83,83,69,66,18.0,3
QB,Cody Kessler,25,2016,57,53,81,79,66,32,0.8,4
RB,Tommy Bohanon,28,2013,56,67,78,68,65,48,0.7,2
RB,Leonard Fournette,23,2017,77,78,79,85,81,65,6.8,4
RB,Corey Grant,27,2015,66,67,70,49,86,69,2.9,1
RB,Brandon Wilds,25,2016,50,43,74,67,78,59,0.6,2
RB,T.J. Yeldon,25,2015,68,70,68,67,78,70,1.5,4
WR,DeAndre Goolsby,22,2018,55,55,55,55,55,55,0.5,1
WR,James O'Shaughnessy,26,2015,62,52,72,70,73,61,0.6,4
WR,Niles Paul,29,2011,63,59,78,67,77,49,2.4,2
WR,Austin Seferian-Jenkins,26,2014,71,70,72,77,76,46,5.3,2
WR,Justin Blackmon,28,2012,55,55,55,55,55,55,4.6,4
WR,D.J. Chark,22,2018,62,53,80,72,84,67,0.6,4
WR,Keelan Cole,25,2017,69,69,81,76,79,68,0.6,3
WR,Rashad Greene,26,2015,61,59,78,82,81,44,0.7,1
WR,Marqise Lee,27,2014,72,78,85,77,79,76,8.5,4
WR,Jaydon Mickens,24,2017,59,58,83,68,79,73,0.5,2
WR,Donte Moncrief,25,2014,69,68,82,78,82,56,9.6,1
WR,Dede Westbrook,25,2017,70,69,85,78,83,71,0.8,4
END_PLAYERS
Houston Texans, HOU
OL,Greg Mancz,26,2015,55,58,76,77,62,62,3.0,2
OL,Nick Martin,25,2016,61,70,79,75,67,65,1.2,4
CB,Kevin Johnson,26,2015,64,68,82,58,78,54,2.5,4
CB,Johnson Bademosi,28,2012,62,58,75,58,80,58,3.1,2
CB,Aaron Colvin,27,2014,69,71,77,47,79,71,8.5,4
S,Kareem Jackson,30,2010,68,69,75,50,79,69,8.5,4
CB,Natrell Jamerson,23,2018,57,41,76,64,82,41,0.7,4
CB,Johnathan Joseph,34,2006,75,82,86,44,79,82,5.0,2
CB,Jermaine Kelly,23,2018,57,48,78,81,72,53,0.6,4
S,Tyrann Mathieu,26,2013,83,80,82,51,80,80,7.0,1
CB,AJ Moore,23,2018,55,55,55,55,55,55,0.6,3
S,Justin Reid,21,2018,65,51,81,58,82,51,1.0,4
CB,Kayvon Webster,27,2013,71,71,80,82,78,48,2.3,1
CB,Shareece Wright,31,2011,64,62,81,49,79,62,0.9,1
DL,Angelo Blackson,26,2015,60,54,63,66,66,54,1.2,1
DL,Jadeveon Clowney,25,2014,81,84,74,74,78,84,5.6,4
DL,Christian Covington,25,2015,65,70,70,68,73,70,0.6,4
DL,Joel Heath,25,2016,62,65,74,72,57,65,0.5,3
DL,Carlos Watkins,25,2017,62,61,70,76,63,61,0.7,4
DL,J.J. Watt,29,2011,88,87,85,87,83,87,16.7,6
DT,Brandon Dunn,26,2014,61,69,65,68,64,69,0.7,2
K,Ka'imi Fairbairn,24,2017,63,49,79,78,68,54,0.5,3
LB,Dylan Cole,24,2017,65,59,77,71,58,70,0.6,3
LB,Zach Cunningham,24,2017,69,70,81,74,73,57,1.1,4
LB,Duke Ejiofor,23,2018,58,50,68,68,65,43,0.5,4
LB,Peter Kalambayi,23,2018,57,44,76,67,63,48,0.6,4
LB,Benardrick McKinney,26,2015,68,73,74,77,76,49,10.0,5
LB,Whitney Mercilus,28,2012,71,74,76,77,68,61,6.5,4
LB,Brian Peters,30,2015,55,60,74,77,74,58,0.9,1
LB,Brennan Scarlett,25,2016,61,55,74,62,69,50,0.5,3
OL,Jon Weeks,32,2010,41,64,65,59,47,45,1.0,4
DL,D.J. Reader,24,2016,71,78,73,70,70,70,0.6,4
OG,Zach Fulton,27,2014,71,75,64,75,63,74,7.0,4
OL,Senio Kelemete,28,2012,62,63,69,76,63,66,4.0,3
OL,Julie'n Davenport,23,2017,56,53,72,75,61,63,0.7,4
OL,Seantrel Henderson,26,2014,58,60,60,73,65,62,4.0,1
OL,Roderick Johnson,23,2017,50,50,50,50,50,50,0.5,1
OL,Kendall Lamm,26,2015,56,59,74,67,68,62,0.7,2
OL,Martinas Rankin,24,2018,57,50,75,71,66,62,0.9,4
P,Trevor Daniel,24,2018,48,63,48,55,55,55,0.6,3
QB,Deshaun Watson,23,2017,72,74,87,81,71,70,3.5,4
QB,Joe Webb,32,2010,55,55,55,55,55,55,0.9,1
QB,Brandon Weeden,35,2012,52,54,85,80,63,20,0.9,1
RB,Alfred Blue,27,2014,58,66,74,73,76,55,0.9,1
RB,Tyler Ervin,25,2016,55,43,76,46,82,62,0.7,4
RB,D'Onta Foreman,22,2017,65,72,82,75,80,63,0.8,4
RB,Buddy Howell,22,2018,54,53,77,78,72,62,0.6,3
RB,Lamar Miller,27,2012,75,74,80,62,81,74,6.5,4
WR,Jordan Akins,26,2018,60,48,76,69,65,54,0.8,4
WR,Ryan Griffin,28,2013,51,52,77,45,54,32,3.0,3
WR,Jordan Thomas,22,2018,56,43,74,68,70,42,0.6,4
WR,Sammie Coates,25,2015,57,52,81,81,76,65,0.7,4
WR,Keke Coutee,21,2018,62,52,83,69,82,73,0.8,4
WR,Bruce Ellington,27,2014,67,72,84,75,80,77,1.3,1
WR,Will Fuller,24,2016,73,75,85,83,82,49,2.5,4
WR,DeAndre Hopkins,26,2013,84,82,85,88,82,68,16.2,5
WR,Vyncint Smith,22,2018,55,55,55,55,55,55,0.6,3
END_PLAYERS
Indianapolis Colts, IND
OL,Ryan Kelly,25,2016,66,72,77,76,63,68,2.6,4
CB,Nate Hairston,24,2017,62,57,77,64,78,53,0.7,4
CB,Arthur Maulet,25,2018,56,47,79,58,76,52,0.6,3
CB,Chris Milton,26,2016,56,48,80,55,82,56,0.6,1
CB,Kenny Moore,23,2017,63,64,77,80,80,60,0.6,3
CB,Quincy Wilson,22,2017,62,55,83,66,78,51,1.4,4
CB,Chris Cooper,24,2018,55,55,55,55,55,55,0.4,1
CB,Pierre Desir,28,2014,63,57,77,45,78,57,1.8,1
S,Matthias Farley,26,2016,70,72,78,62,79,72,0.5,3
S,Clayton Geathers,26,2015,68,70,75,64,77,70,0.7,4
S,Malik Hooker,22,2017,68,65,82,66,78,65,3.1,4
CB,Robert Jackson,25,2018,55,55,55,55,55,55,0.6,3
S,Ronald Martin,25,2018,55,55,55,55,55,55,0.6,2
S,Corey Moore,25,2015,68,73,78,61,77,73,0.6,1
S,George Odum,25,2018,53,49,81,82,73,59,0.6,3
CB,Robenson Therezie,27,2015,55,55,55,55,55,55,0.4,1
DL,Denico Autry,28,2014,67,72,64,67,65,72,5.9,3
DL,Tarell Basham,24,2017,65,55,71,66,57,55,0.8,4
DL,Margus Hunt,31,2013,67,65,69,75,74,65,2.1,2
DL,Tyquan Lewis,23,2018,65,52,71,75,70,52,1.1,4
DL,Al-Quadin Muhammad,23,2017,58,48,72,68,58,48,0.6,4
DL,Jabaal Sheard,29,2011,79,81,75,70,79,81,8.5,3
DL,Kemoko Turay,23,2018,62,53,76,59,63,53,1.3,4
DL,Jihad Ward,24,2016,57,54,73,69,57,54,0.6,1
DL,Johnathan Calvin,25,2018,56,48,66,74,71,67,0.5,2
DL,Hassan Ridgeway,24,2016,62,50,67,77,58,50,0.7,4
DL,Grover Stewart,25,2017,58,45,69,80,63,45,0.7,4
DL,Al Woods,31,2010,73,72,67,83,77,72,2.0,2
K,Adam Vinatieri,46,1886,74,63,87,78,84,47,3.6,1
LB,Matthew Adams,23,2018,54,43,76,71,60,52,0.6,4
LB,Zaire Franklin,22,2018,58,45,76,67,62,54,0.6,4
LB,Najee Goode,29,2012,60,58,75,65,67,40,0.8,1
LB,Darius Leonard,23,2018,62,53,81,74,68,61,1.8,4
LB,Skai Moore,23,2018,55,43,78,69,61,55,0.1,1
LB,Anthony Walker,23,2017,58,54,74,79,69,78,0.6,3
OL,Luke Rhodes,26,2018,36,44,76,73,45,45,0.6,1
OL,Mark Glowinski,26,2015,53,52,75,81,62,59,0.7,4
OL,Quenton Nelson,22,2018,73,57,80,87,75,72,6.0,4
OL,Matt Slauson,32,2009,64,81,74,79,62,65,2.5,1
OL,Braden Smith,22,2018,65,53,80,83,68,69,1.8,4
OL,Anthony Castonzo,30,2011,74,82,76,79,78,69,11.0,4
OL,Le'Raven Clark,25,2016,53,51,77,71,62,58,0.8,4
OL,Denzelle Good,27,2015,59,67,62,77,62,64,0.5,1
OL,Joe Haeg,25,2016,59,64,76,73,62,64,0.6,4
OL,J'Marcus Webb,30,2010,57,64,50,69,51,74,0.8,1
P,Rigoberto Sanchez,24,2017,67,50,76,82,74,56,0.6,3
QB,Jacoby Brissett,25,2016,66,65,81,84,67,63,0.9,4
QB,Brad Kaaya,23,2017,52,47,79,75,65,38,0.5,2
QB,Andrew Luck,29,2012,77,80,87,82,76,59,24.6,5
RB,Nyheim Hines,22,2018,64,47,78,45,83,70,0.8,4
RB,Marlon Mack,22,2017,67,65,78,50,79,66,0.7,4
RB,Robert Turbin,29,2012,61,67,75,72,80,61,1.4,2
RB,Jordan Wilkins,24,2018,60,51,79,71,78,66,0.7,4
WR,Jack Doyle,28,2013,75,78,72,82,67,37,6.3,3
WR,Eric Ebron,25,2014,74,75,77,76,77,64,6.5,2
WR,Ryan Hewitt,27,2014,58,68,75,58,66,46,0.8,1
WR,Erik Swoope,26,2015,57,49,65,65,70,53,1.0,1
WR,Ross Travis,25,2017,59,55,78,67,74,50,0.5,3
WR,Deon Cain,22,2018,58,47,80,66,81,72,0.7,4
WR,Ryan Grant,28,2014,68,73,81,75,78,62,5.0,1
WR,T.Y. Hilton,29,2012,79,78,83,82,83,85,13.0,5
WR,Marcus Johnson,24,2017,55,56,78,67,83,60,0.5,2
WR,Zach Pascal,24,2018,56,58,77,82,81,62,0.5,2
WR,Chester Rogers,24,2016,64,67,81,74,79,67,0.5,3
WR,James Wright,27,2014,60,60,60,60,60,60,0.7,2
END_PLAYERS
Kansas City Chiefs, KAN
OL,Tejan Koroma,22,2018,49,41,72,76,62,60,0.6,3
OL,Mitch Morse,26,2015,63,75,72,82,62,63,1.2,4
OL,Austin Reiter,27,2015,52,46,74,67,67,62,0.6,1
CB,Kendall Fuller,23,2016,72,68,78,78,80,57,0.8,4
CB,Eric Murray,24,2016,58,60,80,50,79,60,0.7,4
CB,Steven Nelson,25,2015,67,64,80,67,80,56,0.7,4
CB,Charvarius Ward,22,2018,54,43,81,75,68,58,0.6,3
S,Eric Berry,30,2010,86,83,75,58,80,83,13.0,6
CB,Step Durham,23,2018,55,55,55,55,55,55,0.4,3
CB,Jordan Lucas,25,2016,58,40,77,59,81,40,0.6,1
S,Ron Parker,31,2011,72,70,77,57,80,70,0.9,1
CB,Orlando Scandrick,31,2008,68,67,79,47,79,67,1.4,1
CB,Tremon Smith,22,2018,59,42,78,47,83,42,0.7,4
S,Daniel Sorensen,28,2014,63,68,78,55,74,68,4.0,4
S,Armani Watts,22,2018,58,47,78,42,75,47,0.8,4
DL,Allen Bailey,29,2011,67,63,74,80,58,63,6.3,4
DL,Justin Hamilton,25,2017,58,55,59,75,67,55,0.5,2
DL,Jarvis Jenkins,30,2011,63,67,58,81,64,67,0.9,1
DL,Chris Jones,24,2016,77,80,71,79,73,80,2.2,4
DL,Derrick Nnadi,22,2018,62,55,77,77,72,55,0.9,4
DL,Xavier Williams,26,2015,64,66,71,74,72,66,2.5,2
RB,J.D. Moore,23,2018,55,55,55,55,55,55,0.4,3
K,Harrison Butker,23,2017,70,58,72,82,80,47,0.5,2
LB,Dee Ford,27,2014,64,60,74,66,56,62,2.0,4
LB,Anthony Hitchens,26,2014,72,76,78,76,74,62,9.0,5
LB,Justin Houston,29,2011,80,82,81,78,76,62,16.8,6
LB,Tanoh Kpassagnon,24,2017,58,53,72,67,57,46,1.1,4
LB,Ben Niemann,23,2018,48,48,74,69,60,48,0.6,3
LB,Dorian O'Daniel,24,2018,57,45,76,72,59,60,0.8,4
LB,Reggie Ragland,25,2016,69,71,78,73,75,52,1.5,4
LB,Terrance Smith,25,2016,57,48,77,68,58,64,0.6,1
LB,Breeland Speaks,23,2018,63,52,71,69,70,48,1.5,4
OL,James Winchester,29,2015,43,40,64,57,47,40,0.9,5
OL,Kahlil McKenzie,21,2018,49,47,63,73,59,58,0.7,4
OL,Jordan Devey,30,2014,55,57,75,72,63,62,0.9,1
OL,Laurent Duvernay-Tardif,27,2014,71,73,75,82,69,72,8.5,5
OL,Cameron Erving,26,2015,56,60,75,74,62,60,7.9,2
OL,Eric Fisher,27,2013,66,74,84,78,63,67,12.0,4
OL,Dillon Gordon,25,2016,55,40,70,72,65,61,0.6,2
OL,Mitchell Schwartz,29,2012,70,78,78,76,69,74,6.6,5
OL,Andrew Wylie,24,2018,57,50,58,72,59,72,0.5,2
K,Dustin Colquitt,36,2005,73,63,80,79,83,45,2.5,3
QB,Chad Henne,33,2008,57,66,82,77,65,20,3.4,2
QB,Patrick Mahomes,23,2017,76,72,70,77,78,59,4.1,4
RB,Kareem Hunt,23,2017,79,85,77,74,80,69,0.8,4
RB,Anthony Sherman,30,2011,65,73,77,58,68,42,2.0,1
RB,Spencer Ware,27,2013,69,76,79,78,77,67,1.8,2
RB,Damien Williams,26,2014,69,67,76,62,81,73,1.2,1
RB,Darrel Williams,23,2015,55,45,71,70,73,63,0.6,3
WR,Alex Ellis,25,2016,55,41,72,66,69,39,0.6,1
WR,Demetrius Harris,27,2014,63,66,72,67,76,55,2.1,3
WR,Travis Kelce,29,2013,85,85,77,82,75,60,9.4,5
WR,Chris Conley,26,2015,66,66,77,73,83,54,0.8,4
WR,Tyreek Hill,24,2016,77,75,79,78,88,81,0.6,4
WR,Marcus Kemp,23,2017,52,50,78,69,78,63,0.6,3
WR,Byron Pringle,25,2018,55,55,55,55,55,55,0.6,3
WR,Demarcus Robinson,24,2016,65,66,80,71,78,61,0.7,4
WR,De'Anthony Thomas,25,2014,61,65,71,68,82,77,0.9,1
WR,Sammy Watkins,25,2014,73,68,85,76,82,79,16.0,3
END_PLAYERS
Denver Broncos, DEN
OL,Matt Paradis,29,2014,71,78,70,80,65,72,2.9,1
CB,Isaac Yiadom,22,2018,60,47,82,67,80,51,0.8,4
CB,Tramaine Brock,30,2010,62,59,77,81,77,54,3.0,1
S,Jamal Carter,24,2017,55,44,79,64,75,44,0.6,3
S,Su'a Cravens,23,2016,66,61,78,66,75,61,1.1,4
CB,Chris Harris,29,2011,78,77,80,79,86,47,8.5,5
CB,Adam Jones,35,2005,68,79,77,81,80,43,1.1,1
S,Jordan Moore,24,2017,55,55,55,55,55,55,0.5,1
S,Will Parks,24,2016,64,67,79,63,75,67,0.6,4
CB,Bradley Roby,26,2014,73,69,82,50,83,69,1.7,4
S,Justin Simmons,25,2016,73,74,79,56,78,74,0.8,4
S,Darian Stewart,30,2010,70,72,76,57,75,72,7.0,4
S,Dymonte Thomas,25,2017,56,51,76,44,79,51,0.5,2
S,Shamarko Thomas,27,2013,61,53,80,82,80,48,0.8,1
DL,Adam Gotsis,26,2016,65,67,69,72,71,67,1.0,4
DL,Shelby Harris,27,2014,68,68,68,74,72,68,0.7,1
DL,Zach Kerr,28,2014,61,55,58,77,70,55,1.6,2
DL,DeMarcus Walker,24,2017,62,55,78,68,65,55,1.3,4
DL,Derek Wolfe,28,2012,73,75,81,79,73,75,9.2,4
DL,Domata Peko,34,2006,69,82,47,62,42,80,3.8,2
RB,Andy Janovich,25,2016,56,66,74,69,69,43,0.6,4
K,Brandon McManus,27,2014,70,50,65,87,76,65,3.8,3
LB,Shaquil Barrett,26,2014,71,76,78,71,72,56,2.9,1
LB,Keishawn Bierria,23,2018,52,49,78,69,60,48,0.6,4
LB,Bradley Chubb,22,2018,70,54,74,72,77,45,6.8,4
LB,Todd Davis,26,2014,68,75,74,78,75,47,5.0,3
LB,Jerrol Garcia-Williams,25,2017,55,47,76,69,63,60,0.6,1
LB,Josey Jewell,24,2018,57,48,75,72,65,63,0.8,4
LB,A.J. Johnson,26,2018,55,55,55,55,55,55,0.6,3
LB,Joe Jones,24,2017,55,55,55,55,55,55,0.6,1
LB,Brandon Marshall,29,2012,71,76,87,45,53,39,8.0,4
LB,Von Miller,29,2011,89,89,82,84,85,53,19.0,6
LB,Deiontrez Mount,25,2015,57,43,72,69,64,48,0.7,2
LB,Shane Ray,25,2015,67,70,73,66,57,47,2.3,4
OL,Casey Kreiter,28,2016,42,50,75,58,47,48,0.6,1
OL,Max Garcia,27,2015,59,73,70,79,64,63,0.7,4
OL,Sam Jones,22,2018,54,42,71,71,62,64,0.7,4
OL,Ronald Leary,29,2012,55,55,55,55,55,55,5.2,4
OL,Connor McGovern,25,2016,58,61,75,77,63,61,0.7,4
OL,Garett Bolles,26,2017,69,67,83,80,75,65,2.8,4
OL,Billy Turner,27,2014,57,62,69,75,66,59,2.0,1
OL,Jared Veldheer,31,2010,64,70,75,87,64,63,7.0,5
OL,Elijah Wilkinson,23,2017,54,45,72,76,62,62,0.6,1
K,Marquette King,30,2012,74,56,75,88,81,67,2.0,3
QB,Kevin Hogan,26,2016,59,58,83,76,66,42,0.6,1
QB,Case Keenum,30,2012,71,73,85,78,72,46,18.0,2
QB,Chad Kelly,24,2017,58,50,84,81,66,41,0.6,4
RB,Devontae Booker,26,2016,66,70,83,68,78,72,0.7,4
RB,Royce Freeman,22,2018,63,56,80,76,78,62,1.0,4
RB,Phillip Lindsay,24,2018,66,63,83,80,78,44,0.6,3
WR,Jake Butt,23,2017,64,50,76,73,71,54,0.7,4
WR,Troy Fumagalli,23,2018,60,49,74,67,68,45,0.7,4
WR,Jeff Heuerman,26,2015,64,56,79,69,69,49,0.7,4
WR,Matt LaCosse,26,2015,53,48,72,78,61,62,0.5,2
WR,DaeSean Hamilton,23,2018,61,51,82,69,78,65,0.8,4
WR,Tim Patrick,25,2018,51,40,75,68,80,56,0.5,1
WR,Emmanuel Sanders,31,2010,78,78,81,84,80,79,11.0,3
WR,Courtland Sutton,23,2018,65,54,86,73,79,63,1.7,4
WR,Jordan Taylor,26,2016,60,62,78,72,78,45,0.6,1
WR,Demaryius Thomas,31,2010,78,82,80,77,81,55,14.0,5
END_PLAYERS
Los Angeles Chargers, LAC
OL,Mike Pouncey,29,2011,65,71,72,78,64,67,7.5,2
OL,Scott Quessenberry,23,2018,55,47,75,72,63,65,0.7,4
CB,Michael Davis,23,2017,57,47,77,58,82,53,0.6,3
CB,Craig Mager,26,2015,63,49,78,68,81,55,0.1,1
CB,Trevor Williams,25,2016,73,77,78,72,81,53,0.6,2
S,Jahleel Addae,28,2013,72,76,79,52,74,76,5.6,4
CB,Brandon Facyson,24,2018,55,41,81,48,78,41,0.6,3
CB,Casey Hayward,29,2012,81,86,81,82,59,80,11.1,3
S,Derwin James,22,2018,70,57,84,67,80,57,3.1,4
S,Rayshawn Jenkins,24,2017,58,52,82,62,79,52,0.8,4
CB,Desmond King,24,2017,71,73,87,62,77,73,0.7,4
S,Adrian Phillips,26,2014,64,63,77,53,77,63,1.5,1
CB,Jason Verrett,27,2014,76,75,85,53,82,75,2.0,4
S,Jaylen Watkins,27,2014,66,60,82,66,80,60,0.9,1
DL,Joey Bosa,23,2016,80,83,74,77,66,83,6.5,4
DL,Melvin Ingram,29,2012,80,82,71,77,75,73,16.0,4
DL,Chris Landrum,26,2016,53,43,79,64,58,43,0.5,3
DL,Darius Philon,24,2015,62,60,64,69,66,60,0.6,4
DL,Isaac Rochell,23,2017,61,46,80,78,58,46,0.5,2
DL,Justin Jones,23,2018,59,48,67,73,66,48,0.9,4
DL,Corey Liuget,28,2011,73,73,77,80,65,73,10.3,5
DL,T.Y. McGill,26,2015,64,58,74,75,69,58,0.7,1
DL,Brandon Mebane,33,2007,67,78,70,81,59,78,4.5,3
DL,Damion Square,29,2013,59,60,67,70,59,60,2.0,2
RB,Derek Watt,26,2016,56,57,77,67,71,46,0.6,4
K,Caleb Sturgis,29,2013,68,50,77,84,79,56,2.2,2
LB,Nick Dzubnar,27,2015,53,56,81,75,54,57,1.5,2
LB,Emmanuel Ellerbee,22,2018,51,40,73,65,59,47,0.5,3
LB,Kyle Emanuel,27,2015,62,64,71,65,60,66,0.6,4
LB,Uchenna Nwosu,22,2018,63,51,78,71,66,52,1.4,4
LB,Denzel Perryman,26,2015,68,69,74,74,58,64,1.2,4
LB,Kyzir White,22,2018,59,48,78,70,58,64,0.8,4
OL,Mike Windt,32,2010,47,62,65,63,44,45,1.1,4
OL,Dan Feeney,24,2017,64,60,74,81,67,63,0.9,4
OL,Forrest Lamp,24,2017,68,62,76,81,70,67,1.7,4
OL,Michael Schofield,28,2014,53,60,75,73,65,60,2.5,2
OL,Jatavis Brown,24,2016,67,63,78,75,60,62,0.6,4
OL,Joe Barksdale,30,2011,62,67,69,78,61,67,5.6,4
OL,Zachary Crabtree,24,2018,52,40,74,70,62,59,0.6,3
OL,Russell Okung,31,2010,70,70,78,78,64,74,13.3,4
OL,Trenton Scott,24,2018,51,48,77,71,62,58,0.5,1
OL,Sam Tevi,24,2017,53,48,76,69,62,61,0.6,4
OL,Cole Toner,24,2016,53,66,66,68,60,59,0.6,1
K,Drew Kaser,25,2016,65,41,71,85,65,58,0.6,4
QB,Philip Rivers,37,2004,77,86,85,79,75,29,20.8,4
QB,Geno Smith,28,2013,58,60,84,81,68,50,1.0,1
RB,Austin Ekeler,23,2017,71,66,80,50,82,74,0.6,3
RB,Melvin Gordon,25,2015,79,79,82,80,82,62,2.7,4
RB,Justin Jackson,23,2018,61,56,76,65,79,69,0.5,1
WR,Sean Culkin,25,2017,58,45,74,64,72,49,0.6,3
WR,Antonio Gates,38,2003,72,78,67,73,70,53,2.5,1
WR,Virgil Green,30,2011,66,65,74,68,75,66,2.9,3
WR,Hunter Henry,24,2016,78,76,81,77,74,44,1.6,4
WR,Austin Roberts,23,2018,55,55,55,55,55,55,0.6,3
WR,Keenan Allen,26,2013,82,88,84,84,78,65,11.3,4
WR,Travis Benjamin,29,2012,73,75,82,76,83,79,6.0,4
WR,Geremy Davis,26,2015,54,48,77,74,79,50,0.8,1
WR,JJ Jones,26,2018,60,60,60,60,60,60,0.6,3
WR,Artavis Scott,24,2017,52,42,83,70,78,66,0.5,1
WR,Mike Williams,24,2017,69,68,86,77,79,70,4.9,4
WR,Tyrell Williams,26,2015,72,75,77,76,81,62,2.9,1
END_PLAYERS
Oakland Raiders, OAK
OL,Rodney Hudson,29,2011,85,78,75,80,72,84,8.9,5
CB,Gareon Conley,23,2017,67,63,81,64,81,52,2.6,4
CB,Dexter McDonald,27,2015,64,62,76,67,81,45,0.6,4
S,Tevin Mitchel,26,2015,55,43,80,81,80,47,0.5,1
CB,Nick Nelson,22,2018,58,44,80,64,78,40,0.8,4
CB,Daryl Worley,23,2016,63,64,80,66,76,52,0.6,1
S,Marcus Gilchrist,30,2011,72,71,85,42,78,71,4.0,1
CB,Leon Hall,34,2007,61,59,86,59,76,59,1.0,1
S,Erik Harris,28,2016,54,47,76,62,75,47,0.6,1
S,Karl Joseph,25,2016,73,78,77,66,77,78,3.0,4
S,Obi Melifonwu,24,2017,65,55,85,65,82,55,0.6,4
CB,Rashaan Melvin,29,2014,76,78,80,46,80,78,5.5,1
S,Reggie Nelson,35,2007,67,70,86,48,76,70,2.5,1
CB,Dominique Rodgers-Cromartie,32,2008,74,71,83,81,82,76,1.0,1
DL,Fadol Brown,25,2018,57,44,68,70,68,44,0.5,1
DL,Shilique Calhoun,26,2016,60,50,75,69,57,50,0.6,1
DL,Tank Carradine,28,2013,69,63,70,80,68,63,0.9,1
DL,Bruce Irvin,31,2012,71,69,78,60,70,69,9.3,4
DL,Arden Key,22,2018,60,46,74,67,63,46,0.9,4
DL,Justin Ellis,28,2014,70,70,63,74,74,70,4.5,3
DL,Johnathan Hankins,26,2013,74,70,51,68,54,83,2.0,1
DL,Maurice Hurst,23,2018,66,47,76,83,72,47,0.7,4
DL,Clinton McDonald,31,2009,66,64,68,78,57,64,1.8,1
DL,Frostee Rucker,35,2006,66,73,65,70,70,73,1.0,1
DL,Eddie Vanderdoes,24,2017,63,60,71,79,57,60,0.8,4
K,Mike Nugent,36,2005,64,46,63,64,42,34,1.0,1
K,Eddy Pineiro,23,2018,62,40,68,70,52,42,0.5,3
LB,Derrick Johnson,36,2005,70,76,83,75,63,72,1.5,1
LB,Emmanuel Lamur,29,2012,60,57,69,65,62,66,0.9,1
LB,Marquel Lee,23,2017,59,59,76,73,66,49,0.7,4
LB,Nicholas Morrow,23,2017,61,64,80,69,59,48,0.6,3
LB,Tahir Whitehead,28,2012,74,75,81,80,76,51,6.3,3
LB,Kyle Wilber,29,2012,60,65,72,70,61,51,1.4,2
OL,Andrew DePaola,31,2014,47,55,66,66,60,50,1.1,4
LS,Trent Sieg,23,2018,36,50,52,68,69,59,0.4,1
DL,P.J. Hall,23,2018,63,42,66,55,55,55,1.2,4
DL,Ahtyba Rubin,32,2008,65,66,67,69,55,80,1.0,1
OL,Jon Feliciano,26,2015,57,58,69,71,65,64,0.7,4
OL,Gabe Jackson,27,2014,69,76,72,82,62,70,11.0,5
OL,T.J. Clemmings,27,2015,57,62,75,75,63,58,0.7,4
OL,Kolton Miller,23,2018,67,53,74,77,72,71,3.4,4
OL,Justin Murray,25,2018,52,42,75,68,62,61,0.5,1
OL,Kelechi Osemele,29,2012,80,82,80,83,67,79,11.7,5
OL,Brandon Parker,23,2018,59,45,81,67,67,69,1.0,4
OL,Donald Penn,35,2007,76,88,69,82,77,71,9.4,2
K,Johnny Townsend,23,2018,65,42,74,85,67,50,0.7,4
QB,Derek Carr,27,2014,73,80,81,85,73,53,25.0,5
QB,A.J. McCarron,28,2014,61,68,82,77,70,44,5.0,2
RB,Marshawn Lynch,32,2007,75,77,79,83,78,65,4.5,2
RB,Doug Martin,29,2012,66,77,83,75,77,64,1.5,1
RB,Jalen Richard,25,2016,66,66,80,62,80,72,0.5,3
RB,Keith Smith,26,2014,50,66,74,49,67,43,1.5,2
RB,Chris Warren,22,2018,54,47,74,77,72,71,0.6,3
RB,DeAndre Washington,25,2016,64,62,79,63,81,68,0.7,4
WR,Derek Carrier,28,2012,60,60,73,67,76,50,1.9,3
WR,Jared Cook,31,2009,75,75,81,77,75,62,5.3,2
WR,Lee Smith,31,2011,61,63,68,59,62,30,3.0,3
WR,Martavis Bryant,27,2014,71,73,79,75,83,61,0.7,1
WR,Amari Cooper,24,2015,76,78,81,75,82,78,5.7,4
WR,Dwayne Harris,31,2011,59,69,83,70,76,77,1.0,1
WR,Brandon LaFell,32,2010,69,77,78,78,76,55,1.8,1
WR,Jordy Nelson,33,2008,76,80,86,86,78,64,7.1,2
WR,Seth Roberts,27,2014,67,73,74,73,80,63,4.0,3
END_PLAYERS
Chicago Bears, CHI
OL,James Daniels,21,2018,64,60,76,73,69,69,1.7,4
OL,Eric Kush,29,2013,53,54,72,69,63,61,1.4,2
OL,Cody Whitehair,26,2016,71,75,78,77,77,66,1.1,4
CB,Bryce Callahan,27,2015,70,70,77,62,84,42,1.9,1
S,Adrian Amos,25,2015,80,77,78,63,83,77,0.6,4
CB,Prince Amukamara,29,2011,69,68,86,59,80,68,9.0,3
S,Deon Bush,25,2016,55,52,78,61,77,52,0.7,4
CB,Marcus Cooper Sr,28,2013,63,62,78,58,79,62,1.5,1
CB,Rashard Fant,23,2018,55,42,78,49,81,42,0.4,3
CB,Kyle Fuller,26,2014,51,45,75,71,54,15,14.0,4
S,DeAndre Houston-Carson,25,2016,58,46,80,54,78,46,0.6,2
S,Eddie Jackson,25,2017,70,71,79,53,78,71,0.8,4
CB,Sherrick McManis,31,2010,59,59,84,50,76,59,1.8,2
CB,Kevin Toliver II,23,2018,60,46,79,83,78,42,0.6,3
DL,Jonathan Bullard,25,2016,64,59,72,70,70,59,0.9,4
DL,Akiem Hicks,29,2012,76,84,73,77,79,84,12.0,4
DL,Roy Robertson-Harris,25,2017,59,52,72,70,58,52,0.5,3
DL,Eddie Goldman,24,2015,68,70,72,78,64,70,10.5,4
DL,Bilal Nichols,22,2018,58,45,70,77,65,45,0.7,4
DL,Nick Williams,28,2013,54,50,78,43,31,35,0.7,1
RB,Michael Burton,26,2015,53,72,69,52,71,44,0.6,4
K,Cody Parkey,26,2014,66,45,75,84,71,55,3.8,4
LB,Sam Acho,30,2011,63,65,76,73,62,50,2.8,2
LB,Kylie Fitts,24,2018,57,42,76,68,66,41,0.7,4
LB,Leonard Floyd,26,2016,69,64,76,73,69,50,3.9,4
LB,Isaiah Irving,24,2017,57,45,71,69,59,60,0.5,2
LB,Joel Iyiegbuniwe,23,2018,58,49,78,71,68,62,0.8,4
LB,Nick Kwiatkoski,25,2016,68,64,75,75,71,68,0.7,4
LB,Aaron Lynch,25,2014,66,64,69,68,73,50,4.0,1
LB,Khalil Mack,27,2014,88,85,85,82,82,48,23.5,6
LB,Roquan Smith,21,2018,71,59,84,78,65,70,4.6,4
LB,Danny Trevathan,28,2012,74,79,82,82,60,76,7.0,4
LB,Andrew Trumbetti,22,2018,50,50,50,50,50,50,0.4,3
OL,Patrick Scales,30,2014,41,52,71,59,45,49,0.6,1
OL,Kyle Long,30,2013,69,75,80,74,71,68,10.0,4
OL,Rashaad Coward,24,2017,56,46,71,76,47,45,0.5,2
OL,Charles Leno,27,2014,72,78,54,69,54,74,9.3,4
OL,Bobby Massie,29,2012,61,68,72,73,64,65,6.0,3
OL,Bradley Sowell,29,2012,57,65,73,73,62,61,1.5,2
K,Pat O'Donnell,27,2014,66,50,77,81,71,65,1.5,1
QB,Chase Daniel,32,2010,57,60,85,75,66,40,5.0,2
QB,Mitchell Trubisky,24,2017,64,58,88,83,67,63,7.3,4
RB,Tarik Cohen,23,2017,73,63,78,55,82,78,0.8,4
RB,Benny Cunningham,28,2013,60,71,80,76,77,44,1.1,1
RB,Jordan Howard,24,2016,75,82,78,78,80,66,0.6,4
WR,Ben Braunecker,24,2016,57,43,76,60,73,45,0.5,3
WR,Daniel Brown,26,2015,61,53,76,68,76,52,0.9,1
WR,Trey Burton,27,2014,74,72,80,75,76,69,8.0,4
WR,Zach Miller,34,2009,71,65,68,76,70,59,0.8,1
WR,Adam Shaheen,25,2017,66,63,76,72,71,59,1.5,4
WR,Dion Sims,27,2013,67,72,76,72,69,49,6.0,3
WR,Josh Bellamy,29,2012,63,70,76,72,79,57,1.9,1
WR,Marlon Brown,27,2013,60,56,78,70,77,57,0.7,1
WR,Taylor Gabriel,27,2014,71,75,78,75,84,71,6.5,4
WR,Anthony Miller,24,2018,64,53,83,70,79,72,1.3,4
WR,Allen Robinson,25,2014,77,80,81,79,80,65,14.0,3
WR,Kevin White,26,2015,63,58,79,71,83,51,4.1,4
WR,Javon Wims,24,2018,58,47,79,73,78,64,0.6,4
END_PLAYERS
Green Bay Packers, GB
OL,Corey Linsley,27,2014,67,78,72,81,63,68,8.5,3
CB,Jaire Alexander,21,2018,67,55,85,67,83,43,3.0,4
CB,Josh Jackson,22,2018,65,55,82,73,80,48,1.6,4
CB,Kevin King,23,2017,67,63,82,65,81,54,1.8,4
S,Kentrell Brice,24,2016,58,54,78,61,81,54,0.5,3
S,Ha Ha Clinton-Dix,26,2014,77,81,83,46,77,81,1.1,5
S,Raven Greene,23,2018,50,48,78,44,79,48,0.6,3
CB,Davon House,29,2011,64,65,80,44,78,65,1.0,1
S,Josh Jones,24,2017,64,65,83,67,82,65,1.1,4
S,Jermaine Whitehead,25,2016,51,52,78,49,79,52,0.6,1
CB,Tramon Williams,35,2017,68,73,86,44,75,73,5.0,2
DL,Dean Lowry,24,2016,65,55,73,76,66,55,0.7,4
DL,Muhammad Wilkerson,29,2011,73,72,85,84,70,72,5.0,1
DL,Montravius Adams,23,2017,61,48,73,76,57,48,0.8,4
DL,Mike Daniels,29,2012,81,85,81,84,79,85,10.3,4
K,Mason Crosby,34,2007,67,49,78,84,74,58,4.0,4
LB,Oren Burks,23,2018,58,48,76,68,59,63,0.9,4
LB,James Crawford,24,2018,54,50,69,71,67,63,0.6,3
LB,Kyler Fackrell,27,2016,63,55,73,73,57,64,0.8,4
LB,Reggie Gilbert,25,2017,53,41,65,62,57,40,0.5,2
LB,Blake Martinez,24,2016,73,78,77,81,78,46,0.7,4
LB,Clay Matthews,32,2009,76,75,87,73,77,50,13.2,5
LB,Antonio Morrison,24,2016,60,65,77,72,62,51,0.7,4
LB,Nick Perry,28,2012,72,71,73,72,73,53,11.8,5
LB,Jake Ryan,26,2015,68,71,75,76,69,67,0.7,4
LB,Korey Toomer,30,2012,66,69,75,69,67,65,0.8,1
OL,Hunter Bradley,24,2018,39,55,71,56,42,42,0.6,4
DL,Kenny Clark,23,2016,78,77,73,65,65,65,2.3,4
OL,Alex Light,22,2018,53,42,66,47,70,58,0.6,3
OL,Justin McCray,26,2014,57,60,62,79,62,59,0.6,1
OL,Lucas Patrick,25,2017,56,52,77,71,68,60,0.6,1
OL,Lane Taylor,29,2013,63,74,68,77,62,66,5.5,3
OL,David Bakhtiari,27,2013,87,89,75,80,71,86,12.0,4
OL,Byron Bell,29,2011,55,60,68,81,65,60,1.6,1
OL,Bryan Bulaga,29,2010,71,84,80,78,63,72,6.8,5
OL,Kyle Murphy,25,2016,55,55,73,65,68,59,0.6,4
OL,Jason Spriggs,24,2016,57,63,77,73,62,63,1.3,4
K,JK Scott,22,2018,65,46,79,82,73,63,0.7,4
QB,Tim Boyle,24,2018,57,50,71,72,70,50,0.6,3
QB,DeShone Kizer,22,2017,62,56,86,85,66,60,1.2,4
QB,Aaron Rodgers,35,2005,89,89,88,87,84,56,33.5,4
RB,Darius Jackson,25,2016,49,48,76,72,82,55,0.6,2
RB,Aaron Jones,24,2017,65,68,76,72,79,59,0.7,4
RB,Ty Montgomery,25,2015,71,65,78,62,80,70,0.7,4
RB,Jamaal Williams,23,2017,65,68,82,71,78,63,0.7,4
WR,Jimmy Graham,32,2010,76,77,79,77,73,52,10.0,3
WR,Lance Kendricks,30,2011,68,72,80,68,72,53,2.0,2
WR,Marcedes Lewis,34,2006,72,70,76,71,64,41,2.1,1
WR,Robert Tonyan,24,2018,56,47,75,80,58,66,0.4,1
WR,Davante Adams,26,2014,78,84,79,81,79,64,14.5,4
WR,Geronimo Allison,24,2016,61,68,78,72,77,59,0.6,1
WR,Randall Cobb,28,2011,73,73,83,84,81,76,10.0,4
WR,Trevor Davis,25,2016,59,53,82,68,82,63,0.6,4
WR,Jake Kumerow,26,2015,59,57,78,78,77,53,0.4,1
WR,J'Mon Moore,23,2018,59,49,84,68,77,64,0.7,4
WR,Equanimeous St. Brown,22,2018,57,44,80,69,80,62,0.6,4
WR,Marquez Valdes-Scantling,24,2018,60,48,78,69,83,63,0.7,4
END_PLAYERS
Minnesota Vikings, MIN
OL,Pat Elflein,24,2017,65,72,78,78,66,68,0.9,4
OL,Brett Jones,27,2016,62,58,73,74,63,71,2.9,1
CB,Mackensie Alexander,25,2016,63,61,80,58,80,46,1.1,4
CB,Mike Hughes,21,2018,65,53,84,65,79,45,2.5,4
CB,Horace Richardson,25,2018,55,55,55,55,55,55,0.4,2
CB,Trae Waynes,26,2015,70,68,83,67,84,46,3.2,4
S,Anthony Harris,27,2015,64,64,77,49,77,64,0.7,1
CB,Holton Hill,21,2018,55,40,80,44,79,40,0.6,3
S,George Iloka,28,2012,69,73,78,57,75,73,0.9,1
CB,Xavier Rhodes,28,2013,82,83,82,61,81,83,14.0,5
S,Andrew Sendejo,31,2010,75,76,74,59,73,76,4.0,4
CB,Marcus Sherels,31,2010,62,59,77,47,79,59,1.4,1
S,Harrison Smith,29,2012,87,86,81,63,77,86,10.3,5
DL,Ade Aruna,24,2018,57,42,71,62,62,42,0.6,4
DL,Tashawn Bower,23,2017,58,45,67,67,63,45,0.6,3
DL,Everson Griffen,31,2010,82,84,74,75,73,84,14.5,4
DL,Danielle Hunter,24,2015,74,72,66,69,74,72,14.4,5
DL,Hercules Mata'afa,23,2018,54,49,78,71,60,49,0.6,3
DL,Stephen Weatherly,24,2016,59,45,76,68,57,45,0.6,4
DL,Jalyn Holmes,22,2018,60,46,72,77,66,46,0.8,4
DL,Jaleel Johnson,24,2017,60,55,70,72,66,55,0.8,4
DL,Tom Johnson,34,2011,62,74,62,70,67,74,1.0,1
DL,Linval Joseph,30,2010,80,82,74,87,79,82,12.6,4
DL,Sheldon Richardson,28,2013,73,70,83,78,69,70,8.0,1
RB,C.J. Ham,25,2017,59,60,73,68,73,57,0.5,3
K,Dan Bailey,30,2011,70,57,74,82,79,54,2.0,1
LB,Anthony Barr,26,2014,74,79,79,75,64,65,3.2,4
LB,Kentrell Brothers,25,2016,57,48,77,75,68,60,0.6,4
LB,Devante Downs,23,2018,55,48,80,72,60,56,0.6,4
LB,Ben Gedeon,24,2017,66,66,79,70,69,51,0.8,4
LB,Eric Kendricks,26,2015,69,75,82,73,58,69,10.0,5
LB,Eric Wilson,24,2017,56,41,80,71,58,54,0.6,3
OL,Kevin McDermott,28,2013,41,50,69,54,43,55,1.0,4
OL,Tom Compton,29,2012,59,60,76,80,63,62,0.9,1
OL,Nick Easton,26,2016,61,68,76,72,65,63,2.9,1
OL,Danny Isidora,24,2017,58,56,73,75,61,62,0.7,4
OL,Bryan Witzmann,28,2014,56,67,68,70,62,60,0.8,1
OL,Aviante Collins,25,2017,59,42,73,76,67,63,0.6,3
OL,Rashod Hill,26,2016,56,57,74,68,62,64,0.5,3
OL,Cedrick Lang,26,2018,55,55,55,55,55,55,0.5,1
OL,Brian O'Neill,23,2018,62,48,79,74,68,67,1.1,4
OL,Riley Reiff,30,2012,67,76,84,75,65,70,11.8,5
OL,Mike Remmers,29,2012,66,77,74,75,64,69,6.0,5
K,Matt Wile,26,2016,61,40,73,80,67,59,0.6,1
QB,Kirk Cousins,30,2012,72,76,84,82,74,46,28.0,3
QB,Trevor Siemian,27,2015,61,68,81,77,67,31,0.6,4
QB,Kyle Sloter,24,2017,54,51,84,79,66,61,0.6,3
RB,Mike Boone,23,2018,55,55,55,55,55,55,0.6,3
RB,Dalvin Cook,23,2017,75,66,80,65,80,78,1.6,4
RB,Latavius Murray,28,2013,72,77,76,77,81,66,5.0,3
RB,Johnny Stanton,24,2018,55,55,55,55,55,55,0.6,3
RB,Roc Thomas,23,2018,54,45,79,43,77,67,0.6,3
S,Jayron Kearse,24,2016,57,50,78,59,75,59,0.6,4
WR,Tyler Conklin,23,2018,58,41,75,69,69,51,0.7,4
WR,David Morgan,25,2016,64,58,62,69,64,71,0.6,4
WR,Josiah Price,25,2018,55,55,55,55,55,55,0.5,1
WR,Kyle Rudolph,29,2011,76,85,80,83,67,49,7.3,5
WR,Stefon Diggs,25,2015,80,82,78,82,81,78,14.4,5
WR,Tavarres King,28,2014,61,56,82,69,79,76,0.7,1
WR,Aldrick Robinson,30,2011,64,68,78,70,81,78,0.7,1
WR,Adam Thielen,28,2014,78,77,75,83,80,67,4.8,4
WR,Laquon Treadwell,23,2016,63,68,82,74,77,57,2.5,4
WR,Brandon Zylstra,25,2018,53,44,74,68,75,56,0.5,2
END_PLAYERS
Detroit Lions, DET
OL,Frank Ragnow,22,2018,66,57,82,82,69,68,2.9,4
CB,Jamal Agnew,23,2017,59,41,81,61,83,56,0.7,4
CB,Quandre Diggs,25,2015,67,75,80,69,77,52,6.2,3
CB,Teez Tabor,23,2017,64,63,86,62,77,53,2.0,4
S,Miles Killebrew,25,2016,63,62,78,66,77,62,0.7,4
CB,Nevin Lawson,27,2014,64,65,82,57,80,65,4.6,2
S,Glover Quin,32,2009,77,81,84,53,76,81,6.5,2
CB,DeShawn Shead,29,2012,64,58,74,66,76,58,0.8,1
CB,Darius Slay Jr,27,2013,80,81,84,49,84,81,12.0,4
CB,Dee Virgin,25,2018,56,48,79,53,80,48,0.5,2
S,Tracy Walker,23,2018,59,49,79,47,79,49,0.9,4
S,Charles Washington,25,2017,56,55,79,48,80,55,0.5,2
S,Tavon Wilson,28,2012,69,75,76,77,78,50,3.5,2
DL,Ezekiel Ansah,29,2013,73,68,80,74,68,68,17.1,1
DL,Da'Shawn Hand,23,2018,59,47,68,82,68,47,0.8,4
DL,Kerry Hyder,27,2014,67,68,65,75,63,69,0.6,1
DL,Romeo Okwara,23,2016,54,49,75,69,63,49,0.5,3
DL,Ricky Jean Francois,32,2009,62,60,52,67,57,74,1.0,1
DL,A'Shawn Robinson,23,2016,67,68,70,76,66,68,1.3,4
DL,Sylvester Williams,30,2013,65,67,66,76,68,67,3.5,1
RB,Nick Bellore,29,2011,61,67,72,45,68,29,1.0,1
K,Matt Prater,34,2007,72,58,65,85,82,46,3.8,3
LB,Jarrad Davis,23,2017,67,65,81,76,69,44,2.7,4
LB,Marquis Flowers,26,2014,64,63,75,61,56,69,0.8,1
LB,Eli Harold,24,2015,59,59,73,67,58,49,0.8,4
LB,Christian Jones,27,2014,64,67,76,70,63,50,3.2,2
LB,Devon Kennard,27,2014,67,68,78,76,63,60,5.8,3
LB,Steve Longa,24,2016,57,46,81,74,58,51,0.5,2
LB,Jalen Reeves-Maybin,23,2017,58,56,78,67,58,56,0.8,4
OL,Don Muhlbach,37,2004,46,72,67,67,51,42,1.1,1
OL,Tyrell Crosby,23,2018,58,44,72,77,66,63,0.7,4
OL,Joe Dahl,25,2016,55,48,79,74,71,61,0.6,4
OL,Graham Glasgow,26,2016,61,67,77,74,70,65,0.8,4
OL,T.J. Lang,31,2009,76,74,75,79,63,78,9.5,3
OL,Kenny Wiggins,30,2012,57,67,71,74,62,59,2.5,2
OL,Taylor Decker,25,2016,67,76,78,80,63,69,2.7,4
OL,Andrew Donnal,26,2015,52,54,71,67,63,60,0.7,2
OL,Rick Wagner,28,2013,75,82,76,77,70,76,3.0,5
K,Sam Martin,28,2013,70,51,75,86,73,48,3.4,4
QB,Matt Cassel,36,2005,55,64,80,74,64,35,1.1,1
QB,Matthew Stafford,30,2009,75,72,86,88,72,43,27.0,5
RB,Ameer Abdullah,25,2015,72,67,76,52,79,76,1.0,4
RB,Nick Bawden,22,2018,57,53,73,64,72,37,0.6,4
RB,LeGarrette Blount,32,2010,77,75,74,87,75,59,2.0,1
RB,Kerryon Johnson,21,2018,63,55,82,74,78,63,1.6,4
RB,Theo Riddick,27,2013,74,71,78,43,77,76,3.9,3
WR,Michael Roberts,24,2017,63,57,77,71,67,42,0.8,4
WR,Levine Toilolo,27,2013,63,69,76,69,66,34,1.5,1
WR,Hakeem Valles,26,2016,56,45,78,61,73,45,0.5,2
WR,Luke Willson,28,2013,67,64,75,70,76,48,2.5,1
WR,Kenny Golladay,25,2017,68,68,79,76,80,62,0.8,4
WR,Andy Jones,24,2017,54,42,80,66,78,68,0.6,3
WR,Marvin Jones Jr,28,2012,77,84,79,77,80,67,8.0,5
WR,T.J. Jones,26,2014,66,68,81,75,80,67,0.4,1
WR,Brandon Powell,22,2018,52,43,76,79,76,40,0.6,3
WR,Golden Tate,30,2010,79,84,80,81,86,60,6.2,5
END_PLAYERS
Washington Redskins, WAS
OL,Tony Bergstrom,32,2012,56,54,77,73,62,63,0.9,1
OL,Casey Dunn,24,2018,52,49,62,70,50,70,0.6,3
OL,Chase Roullier,25,2017,58,58,71,75,63,65,0.6,4
CB,Quinton Dunbar,26,2015,69,67,80,69,81,40,1.9,3
CB,Fabian Moreau,24,2017,63,54,83,64,84,54,0.8,4
CB,Adonis Alexander,22,2018,58,48,77,80,73,51,0.7,4
S,Troy Apke,23,2018,59,42,76,49,84,42,0.8,4
S,Deshazor Everett,26,2015,56,58,78,57,77,58,1.3,2
CB,Danny Johnson,23,2018,56,42,80,44,81,42,0.6,3
S,Kenny Ladler,26,2014,53,43,77,69,73,43,0.6,2
S,Montae Nicholson,23,2017,66,63,77,58,82,63,0.8,4
CB,Josh Norman,31,2012,77,86,84,58,78,86,15.0,5
CB,Greg Stroman,22,2018,58,51,81,44,80,51,0.6,4
S,D.J. Swearinger,27,2013,77,81,83,57,75,81,4.5,3
DL,Jonathan Allen,23,2017,69,70,73,75,66,70,2.9,4
DL,Caleb Brantley,24,2017,60,46,69,79,64,46,0.6,1
DL,Ziggy Hood,31,2009,61,65,64,78,56,65,0.9,2
DL,Matthew Ioannidis,24,2016,70,69,73,80,57,69,0.6,4
DL,Stacy McGee,28,2013,63,68,69,76,62,68,5.0,5
DL,Da'Ron Payne,21,2018,67,50,69,85,71,50,3.6,4
DL,Tim Settle,21,2018,56,41,67,78,66,41,0.7,4
K,Dustin Hopkins,28,2013,66,45,78,84,70,57,2.5,3
LB,Ryan Anderson,24,2017,62,55,78,73,58,61,1.3,4
LB,Zach Brown,29,2012,78,83,78,83,77,53,8.0,3
LB,Mason Foster,29,2011,64,73,81,75,64,53,1.7,2
LB,Shaun Dion Hamilton,23,2018,56,50,79,69,62,59,0.5,4
LB,Josh Harvey-Clemons,24,2017,54,53,79,69,58,54,0.6,4
LB,Ryan Kerrigan,30,2011,77,82,89,73,67,51,11.5,5
LB,Pernell McPhee,30,2011,71,68,81,73,66,63,1.8,1
LB,Preston Smith,26,2015,68,67,68,70,58,56,1.4,4
LB,Zach Vigil,27,2015,61,56,79,70,65,64,0.7,2
OL,Nick Sundberg,31,2010,44,55,65,59,55,56,1.1,4
OL,Tyler Catalina,25,2017,51,50,77,71,62,59,0.6,3
OL,Arie Kouandjio,26,2015,58,59,66,74,62,66,0.7,2
OL,Shawn Lauvao,31,2010,60,71,70,76,65,61,1.5,1
OL,Brandon Scherff,27,2015,80,83,78,82,84,70,5.3,4
OL,Geron Christian,22,2018,58,48,77,72,67,62,0.9,4
OL,Morgan Moses,27,2014,68,75,74,79,71,71,7.7,5
OL,Ty Nsekhe,33,2012,61,68,67,74,66,66,2.9,1
OL,Trent Williams,30,2010,84,86,75,85,77,81,13.6,5
K,Tress Way,28,2014,71,50,72,88,74,55,1.5,5
QB,Colt McCoy,32,2010,55,61,84,71,66,54,3.3,2
QB,Alex Smith,34,2005,74,80,84,77,73,53,23.5,4
RB,Kapri Bibbs,25,2014,56,57,81,71,75,57,0.7,2
RB,Derrius Guice,21,2018,68,48,77,81,79,70,1.1,4
RB,Robert Kelley,26,2016,65,73,82,76,76,60,0.5,3
RB,Byron Marshall,24,2016,55,45,74,51,78,71,0.6,2
RB,Samaje Perine,23,2017,66,67,77,82,77,56,0.8,4
RB,Adrian Peterson,33,2007,70,75,80,79,80,69,1.0,1
RB,Chris Thompson,28,2013,74,69,77,43,81,74,3.5,2
WR,Vernon Davis,34,2006,73,76,74,78,77,44,5.0,3
WR,Manasseh Garner,26,2016,60,60,60,60,60,60,0.6,3
WR,Jordan Reed,28,2013,84,84,80,85,75,70,9.4,5
WR,Jeremy Sprinkle,24,2017,59,55,78,67,74,55,0.7,4
WR,Jamison Crowder,25,2015,74,77,82,79,81,76,0.7,4
WR,Robert Davis,23,2017,53,41,78,72,81,63,0.6,3
WR,Josh Doctson,26,2016,68,73,83,76,79,69,2.5,4
WR,Michael Floyd,29,2012,62,52,79,79,77,66,0.8,1
WR,Maurice Harris,26,2016,55,53,79,69,77,61,0.6,2
WR,Brian Quick,29,2012,63,64,82,75,76,58,0.8,1
WR,Trey Quinn,23,2018,59,46,80,75,77,56,0.6,4
WR,Paul Richardson,26,2014,73,75,84,82,78,60,8.0,5
WR,Cam Sims,22,2018,56,52,77,79,72,50,0.6,3
END_PLAYERS
Dallas Cowboys, DAL
OL,Travis Frederick,27,2013,86,88,85,83,84,81,9.4,6
OL,Joe Looney,28,2012,54,56,73,72,64,61,1.1,2
OL,Adam Redmond,25,2016,55,45,70,73,62,63,0.5,2
CB,Chidobe Awuzie,23,2017,71,65,84,68,81,58,1.1,4
CB,Anthony Brown,25,2016,65,63,80,65,85,46,0.6,4
CB,Byron Jones,26,2015,70,63,81,69,82,57,2.2,4
CB,Jourdan Lewis,23,2017,69,68,85,66,79,56,0.8,4
S,Ibraheim Campbell,26,2015,62,54,77,68,78,54,0.7,2
S,Kavon Frazier,24,2016,62,58,79,62,76,58,0.6,4
S,Jeff Heath,27,2013,66,67,75,58,79,67,1.9,4
S,Marqueston Huff,26,2014,57,51,82,52,78,51,0.8,2
S,Jameill Showers,27,2015,50,42,75,56,74,42,0.5,2
S,Xavier Woods,23,2017,67,63,79,62,79,63,0.6,4
DL,Dorance Armstrong,21,2018,64,56,67,75,74,70,0.8,4
DL,Taco Charlton,24,2017,67,58,73,68,57,58,2.5,4
DL,Tyrone Crawford,29,2012,70,72,72,71,71,72,9.0,5
DL,Randy Gregory,26,2015,66,54,66,69,63,54,1.0,4
DL,Datone Jones,28,2013,61,60,66,71,64,60,0.8,2
DL,Demarcus Lawrence,26,2014,81,80,76,76,77,80,17.1,1
DL,Maliek Collins,23,2016,66,66,69,74,57,66,0.9,4
DL,David Irving,25,2015,72,72,72,78,60,72,2.9,1
DL,Daniel Ross,25,2017,53,44,68,75,56,44,0.5,2
K,Brett Maher,29,2018,66,44,65,67,51,55,0.5,2
LB,Chris Covington,22,2018,56,42,77,71,60,50,0.7,4
LB,Sean Lee,32,2010,86,87,85,87,77,71,7.0,6
LB,Justin March-Lillard,25,2016,62,55,77,72,66,53,0.4,2
LB,Jaylon Smith,23,2016,65,62,76,73,57,68,1.6,4
LB,Joe Thomas,27,2014,60,62,74,70,62,61,1.8,2
LB,Leighton Vander Esch,21,2018,67,53,79,75,68,61,3.0,4
LB,Damien Wilson,25,2015,63,65,73,71,65,45,0.7,4
OL,L.P. LaDouceur,37,2005,46,75,70,62,44,52,1.1,1
DL,Antwaun Woods,25,2016,57,53,71,74,62,53,0.5,2
OL,Parker Ehinger,26,2016,57,58,72,70,63,61,0.7,4
OL,Marcus Martin,25,2014,55,62,69,72,62,60,0.9,1
OL,Zack Martin,28,2014,86,83,83,83,84,84,14.0,6
OL,Dustin Stanton,24,2018,55,55,55,55,55,55,0.5,2
OL,Xavier Su'a-Filo,27,2014,56,66,79,75,63,60,0.6,2
OL,Connor Williams,21,2018,66,57,72,76,71,70,1.4,4
OL,La'el Collins,25,2015,62,65,75,79,66,65,7.7,2
OL,Cameron Fleming,26,2014,58,60,72,75,67,63,2.5,1
OL,Tyron Smith,28,2011,85,87,78,86,79,83,12.2,8
K,Chris Jones,29,2013,77,80,71,17,17,64,2.2,4
QB,Dak Prescott,25,2016,72,76,83,81,73,64,0.7,4
QB,Cooper Rush,25,2017,53,52,82,78,65,36,0.6,3
QB,Mike White,23,2018,54,50,84,81,68,28,0.7,4
RB,Ezekiel Elliott,23,2016,82,83,84,69,82,76,6.2,4
RB,Jamize Olawale,29,2012,61,65,71,76,76,52,2.0,3
RB,Rod Smith,26,2015,61,66,77,71,76,58,0.7,2
WR,Rico Gathers,24,2016,59,52,76,69,69,48,0.6,3
WR,Blake Jarwin,24,2017,60,41,73,68,71,40,0.6,3
WR,Dalton Schultz,22,2018,59,43,74,69,71,46,0.7,4
WR,Geoff Swaim,25,2015,63,60,68,64,72,45,0.6,4
WR,Tavon Austin,28,2013,70,62,81,67,84,72,7.0,1
WR,Cole Beasley,29,2012,71,75,84,77,77,73,3.4,4
WR,Noah Brown,22,2017,58,48,78,75,77,54,0.6,4
WR,Brice Butler,28,2013,66,68,74,71,81,53,0.8,1
WR,Michael Gallup,22,2018,63,50,82,71,79,70,0.9,4
WR,Allen Hurns,27,2014,71,74,79,79,78,67,6.0,2
WR,Deonte Thompson,29,2012,65,67,75,74,82,63,0.8,1
WR,Terrance Williams,29,2013,69,75,80,73,79,63,4.3,4
WR,Cedrick Wilson,23,2018,60,47,80,71,78,72,0.6,4
END_PLAYERS
Philadelphia Eagles, PHI
OL,Jason Kelce,31,2011,82,87,71,75,88,70,6.3,6
OL,Stefen Wisniewski,29,2011,69,74,74,75,73,65,2.7,3
CB,Ronald Darby,24,2015,76,75,82,74,83,56,1.1,4
CB,Rasul Douglas,23,2017,65,66,83,68,77,54,0.8,4
CB,Sidney Jones,22,2017,68,61,80,83,59,60,1.5,4
CB,Avonte Maddox,22,2018,59,42,79,62,83,48,0.8,4
CB,Elie Bouka,26,2016,60,60,60,60,60,60,0.5,2
S,Corey Graham,33,2007,67,64,76,80,76,78,1.7,1
S,Deiondre' Hall,24,2016,55,41,79,51,78,41,0.7,4
S,Malcolm Jenkins,31,2009,84,84,87,57,75,84,8.8,4
S,Chris Maragos,31,2010,58,60,73,52,75,60,1.8,1
S,Rodney McLeod,28,2012,73,76,70,70,81,70,7.0,5
CB,Jalen Mills,24,2016,71,73,78,59,80,73,0.6,4
DL,Derek Barnett,22,2017,70,70,68,77,67,70,3.2,4
DL,Michael Bennett,33,2009,59,56,63,69,69,56,10.2,3
DL,Fletcher Cox,28,2012,83,82,79,82,75,82,17.1,6
DL,Brandon Graham,30,2010,83,80,74,76,77,80,6.5,4
DL,Chris Long,33,2008,71,72,77,76,64,72,2.3,2
DL,Josh Sweat,21,2018,60,49,70,64,64,49,0.8,4
DL,Bruce Hector,24,2018,55,47,68,75,59,47,0.6,3
DL,Haloti Ngata,34,2006,70,74,75,84,62,74,3.0,1
DL,Destiny Vaeao,24,2016,58,58,65,74,57,58,0.5,3
K,Jake Elliott,23,2017,71,53,72,87,78,57,0.5,2
LB,D.J. Alexander,27,2015,59,55,74,68,57,57,0.6,4
LB,Nigel Bradham,29,2012,75,76,84,73,62,76,8.0,5
LB,Nathan Gerry,23,2017,60,57,79,65,61,61,0.6,3
LB,Kamu Grugier-Hill,24,2016,60,46,78,68,63,57,0.6,4
LB,Jordan Hicks,26,2015,71,77,79,75,57,69,0.7,4
LB,LaRoy Reynolds,28,2013,57,53,75,68,58,59,0.9,1
LB,Paul Worrilow,28,2013,62,62,87,71,63,49,0.9,1
OL,Rick Lovato,26,2015,43,49,73,62,40,49,0.6,3
OL,Brandon Brooks,29,2012,83,79,71,86,79,82,8.0,5
OL,Isaac Seumalo,25,2016,55,58,76,74,62,58,0.8,4
OL,Chance Warmack,27,2013,60,66,74,82,64,62,2.5,1
OL,Lane Johnson,28,2013,81,84,80,78,76,80,11.3,5
OL,Jordan Mailata,21,2018,52,46,79,74,59,60,0.6,4
OL,Jason Peters,36,2004,81,87,78,85,74,80,9.3,3
OL,Matt Pryor,24,2018,57,44,68,76,66,62,0.6,4
OL,Halapoulivaati Vaitai,25,2016,60,60,60,60,60,60,0.6,4
OL,Toby Weathersby,22,2018,52,43,67,73,61,63,0.6,3
K,Cameron Johnston,26,2018,63,46,63,70,65,65,0.5,2
QB,Nick Foles,29,2012,70,77,80,80,71,28,5.5,2
QB,Nate Sudfeld,25,2016,54,47,82,83,63,29,0.6,2
QB,Carson Wentz,26,2016,76,77,81,84,77,68,6.7,4
RB,Josh Adams,22,2018,57,46,76,71,79,54,0.5,1
RB,Jay Ajayi,25,2015,76,81,72,75,78,75,0.6,4
RB,Corey Clement,24,2017,67,72,76,69,77,67,0.6,3
RB,Wendell Smallwood,24,2016,58,57,81,70,81,58,0.6,4
RB,Darren Sproles,35,2005,73,71,74,42,76,76,1.4,1
WR,Zach Ertz,28,2013,81,87,80,85,70,54,8.5,5
WR,Dallas Goedert,23,2018,67,46,76,72,73,54,1.4,4
WR,Joshua Perkins,25,2018,57,45,77,68,74,50,0.6,2
WR,Richard Rodgers,26,2014,66,62,74,72,69,48,0.9,1
WR,Nelson Agholor,25,2015,74,80,81,79,81,75,2.3,4
WR,Kamar Aiken,29,2011,61,63,70,76,75,80,0.8,1
WR,Shelton Gibson,23,2017,57,46,83,71,83,71,0.7,4
WR,Mack Hollins,25,2017,61,67,77,74,80,57,0.8,4
WR,Alshon Jeffery,28,2012,80,84,80,82,79,53,13.0,4
WR,Jordan Matthews,26,2014,67,72,84,73,80,57,0.8,1
WR,Mike Wallace,32,2009,73,74,87,76,82,77,4.0,1
END_PLAYERS
New York Giants, NYG
OL,Evan Brown,22,2018,49,45,61,68,45,83,0.6,3
OL,Spencer Pulley,25,201,56,68,71,73,63,58,0.5,3
CB,Eli Apple,23,2016,64,65,80,58,82,41,3.8,4
CB,Donte Deayon,24,2017,60,55,80,60,77,49,0.5,2
CB,Antonio Hamilton,25,2016,53,40,80,81,77,50,0.5,3
CB,Mike Jordan,26,2016,60,60,60,60,60,60,0.5,3
CB,Kamrin Moore,22,2018,58,45,78,59,77,57,0.7,4
CB,Curtis Riley,26,2016,55,56,78,46,79,53,0.6,1
CB,Sam Beal,22,2018,60,60,60,60,60,60,1.0,4
S,Sean Chandler,22,2018,52,48,80,47,74,48,0.6,3
S,Landon Collins,24,2015,78,77,79,65,78,77,1.5,4
CB,Janoris Jenkins,30,2012,78,78,84,43,80,78,12.5,5
S,Michael Thomas,28,2013,81,87,78,65,79,16,1.3,4
CB,B.W. Webb,28,2013,60,58,82,48,77,58,0.8,1
DL,Mario Edwards,24,2015,69,69,69,69,69,69,1.5,4
DL,Josh Mauro,27,2014,62,66,76,75,58,66,0.9,1
DL,Kerry Wynn,27,2014,61,58,65,76,59,58,1.3,1
DL,Damon Harrison,30,2012,80,80,80,80,80,80,9.3,5
DL,B.J. Hill,23,2018,60,47,72,77,72,47,1.0,4
DL,John Jenkins,29,2013,62,56,65,82,63,56,0.8,1
DL,Kristjan Sokoli,27,2015,56,48,65,79,64,48,0.6,1
DL,Dalvin Tomlinson,24,2017,72,75,68,78,77,75,1.1,4
K,Aldrick Rosas,24,2017,65,46,76,83,70,58,0.5,2
LB,Thurston Armbrister,26,2015,49,45,77,64,58,51,0.6,1
LB,Ray-Ray Armstrong,27,2013,58,65,74,71,62,48,1.6,2
LB,Connor Barwin,32,2009,75,75,75,75,75,75,1.8,2
LB,Lorenzo Carter,23,2018,62,47,71,69,62,59,1.0,4
LB,Tae Davis,22,2018,48,48,48,48,48,48,0.6,3
LB,B.J. Goodson,25,2016,62,57,76,75,67,49,0.7,4
LB,Kareem Martin,26,2014,62,50,68,71,61,62,5.0,3
LB,Alec Ogletree,27,2013,64,76,83,74,58,45,10.7,4
LB,Nate Stupar,30,2013,60,60,60,60,60,60,0.7,1
LB,Olivier Vernon,28,2012,72,75,82,74,72,51,17.0,5
LB,Jordan Williams,25,2015,53,46,62,62,64,32,0.6,1
OL,Zak DeOssie,34,2007,42,70,76,61,46,48,1.2,2
OL,Nick Gates,23,2018,49,41,75,67,60,58,0.6,3
OL,Jon Halapio,27,2014,52,49,75,75,62,63,0.6,1
OL,Will Hernandez,23,2018,68,53,78,85,72,70,1.9,4
OL,Patrick Omameh,29,2014,60,70,72,72,64,63,5.0,3
OL,Ereck Flowers,24,2015,59,63,75,80,62,61,3.6,4
OL,John Greco,33,2008,60,53,68,76,65,65,1.1,1
OL,Nate Solder,30,2011,73,80,80,80,75,68,15.5,4
OL,Chad Wheeler,24,2017,57,58,73,70,66,61,0.6,3
K,Riley Dixon,25,2016,65,51,79,78,69,69,0.6,4
QB,Kyle Lauletta,23,2018,61,44,83,81,72,60,0.8,4
QB,Eli Manning,37,2004,66,72,85,80,71,30,21.0,4
QB,Alex Tanney,31,2012,47,47,47,47,47,47,0.6,1
RB,Saquon Barkley,21,2018,72,60,82,73,82,72,7.8,4
RB,Wayne Gallman,24,2017,65,65,65,65,65,65,0.7,4
RB,Elijhaa Penny,25,2017,53,56,74,68,71,59,0.6,1
RB,Jonathan Stewart,31,2008,73,83,78,76,76,69,3.4,2
WR,Rhett Ellison,30,2012,67,68,75,68,71,46,4.5,4
WR,Evan Engram,24,2017,75,74,76,75,80,67,2.7,4
WR,Scott Simonson,26,2014,58,58,58,58,58,58,0.7,1
WR,Odell Beckham,26,2014,86,87,84,84,88,80,14.0,6
WR,Kaelin Clay,26,2015,52,60,79,65,81,75,0.7,1
WR,Stacy Coley,24,2017,57,46,80,73,81,68,0.6,4
WR,Cody Latimer,26,2014,62,55,78,69,80,45,2.5,1
WR,Russell Shepard,28,2013,62,72,77,71,80,64,1.3,1
WR,Sterling Shepard,25,2016,72,77,81,78,80,73,1.5,4
END_PLAYERS
New Orleans Saints, NO
OL,Will Clapp,23,2018,52,52,74,66,63,63,0.6,4
OL,Cameron Tom,23,2018,51,48,69,75,62,63,0.5,2
OL,Max Unger,32,2009,72,85,75,77,64,70,7.4,3
CB,Ken Crawley,25,2016,72,77,82,71,81,51,0.5,3
CB,Marshon Lattimore,22,2017,80,76,79,79,84,58,3.8,4
CB,P.J. Williams,25,2015,66,57,78,67,80,60,0.8,4
S,Chris Banjo,28,2013,58,55,76,61,77,55,1.3,2
S,Vonn Bell,24,2016,64,63,79,57,78,63,1.0,4
S,Kurt Coleman,30,2010,64,73,85,48,75,73,5.5,3
S,J.T. Gray,22,2018,60,60,60,60,60,60,0.6,3
CB,Justin Hardee,24,2017,58,45,74,57,83,45,0.5,2
S,Rickey Jefferson,24,2017,60,60,60,60,60,60,0.5,1
CB,Patrick Robinson,31,2010,73,75,81,50,78,75,5.0,4
S,Marcus Williams,22,2017,74,73,83,60,77,73,1.6,4
DL,Marcus Davenport,22,2018,65,46,73,72,64,46,3.4,4
DL,Trey Hendrickson,24,2017,66,57,74,69,58,57,0.8,4
DL,Cameron Jordan,29,2011,85,87,81,81,82,87,11.0,5
DL,Mitchell Loewen,25,2017,62,47,75,77,69,47,0.5,3
DL,Alex Okafor,27,2013,71,74,78,69,69,74,3.4,2
DL,Jay Bromley,26,2014,63,67,64,75,63,67,0.8,1
DL,Tyeler Davison,26,2015,71,75,61,81,74,75,0.6,4
DL,David Onyemata,26,2016,69,68,71,79,70,68,0.7,4
DL,Sheldon Rankins,24,2016,70,73,73,76,63,73,3.2,4
DL,Taylor Stallworth,23,2018,57,51,53,68,52,69,0.6,3
K,Wil Lutz,24,2016,69,49,69,87,77,52,0.5,3
LB,Alex Anzalone,24,2017,64,60,76,72,61,62,0.9,4
LB,Vince Biegel,25,2017,61,52,76,69,66,56,0.6,1
LB,Demario Davis,29,2012,75,77,75,76,74,68,8.0,3
LB,A.J. Klein,27,2013,61,72,84,68,60,52,6.0,4
LB,Craig Robertson,30,2012,68,71,76,76,61,67,1.7,3
LB,Manti Te'o,27,2013,67,74,85,77,62,70,2.5,2
OL,Zach Wood,25,2017,35,43,73,65,42,51,0.6,1
OL,Jermon Bushrod,34,2007,59,72,80,77,61,61,1.0,1
OL,Josh LeRibeus,29,2012,56,59,76,78,62,63,0.8,1
OL,Larry Warford,27,2013,67,70,77,79,66,69,8.5,4
OL,Terron Armstead,27,2013,72,76,82,78,69,73,13.0,5
OL,Andrus Peat,25,2015,62,75,66,76,66,64,2.8,4
OL,Ryan Ramczyk,24,2017,77,82,82,80,78,77,2.2,4
K,Thomas Morstead,32,2009,72,59,80,84,84,51,4.0,4
QB,Drew Brees,39,2001,81,89,85,80,79,31,25.0,2
QB,Teddy Bridgewater,26,2014,68,64,82,80,72,66,6.0,1
QB,Taysom Hill,28,2017,50,43,79,78,58,54,0.6,3
RB,Mike Gillislee,28,2013,67,80,83,73,78,61,0.8,1
RB,Mark Ingram,29,2011,87,78,78,81,78,80,4.0,4
RB,Alvin Kamara,23,2017,78,72,76,75,80,82,1.0,4
RB,Daniel Lasco,26,2016,58,44,75,40,80,65,0.5,2
RB,Zach Line,28,2013,63,56,76,75,73,46,1.1,2
RB,Jonathan Williams,24,2016,51,47,76,79,78,57,0.4,1
WR,Dan Arnold,23,2018,54,48,73,77,77,70,0.6,3
WR,Josh Hill,28,2013,71,68,71,74,73,44,2.4,3
WR,Michael Hoomanawanui,30,2010,62,68,68,69,67,20,1.7,3
WR,Benjamin Watson,37,2004,70,78,74,78,69,43,2.0,1
WR,Austin Carr,25,2017,55,51,79,71,76,69,0.6,3
WR,Travin Dural,25,2017,51,40,78,72,78,63,0.5,2
WR,Ted Ginn,33,2007,72,72,83,82,83,77,2.5,3
WR,Tommylee Lewis,26,2016,55,54,81,68,81,68,0.5,3
WR,Cameron Meredith,26,2015,73,74,78,79,79,66,4.8,2
WR,Tre'Quan Smith,22,2018,62,54,83,71,79,60,0.9,4
WR,Michael Thomas,25,2016,81,87,78,85,79,68,1.3,4
END_PLAYERS
Carolina Panthers, CAR
OL,Ryan Kalil,33,2007,66,80,78,79,63,65,8.4,2
OL,Tyler Larsen,27,2016,60,60,70,83,66,63,2.2,2
CB,James Bradberry,25,2016,68,66,78,65,81,53,1.0,4
CB,Lorenzo Doss,24,2015,57,53,77,61,79,39,0.4,1
CB,Corn Elder,24,2017,60,46,85,67,80,56,0.7,4
CB,Josh Hawkins,25,2016,61,54,79,61,83,46,0.6,1
CB,Donte Jackson,23,2018,64,50,82,62,85,41,1.2,4
CB,Kevon Seymour,25,2016,66,59,76,69,83,42,0.6,4
S,Mike Adams,37,2004,69,76,75,54,73,76,2.1,2
CB,Ross Cockrell,27,2014,66,63,81,47,80,63,3.3,2
S,Rashaan Gaulden,23,2018,59,51,79,43,76,51,0.9,4
S,Colin Jones,31,2011,61,55,75,54,79,55,1.2,2
CB,Captain Munnerlyn,30,2009,64,65,83,56,78,65,4.4,4
S,Damian Parms,26,2018,60,60,60,60,60,60,0.4,1
S,Da'Norris Searcy,30,2015,63,65,78,71,76,65,2.9,2
DL,Mario Addison,31,2011,70,76,71,66,60,75,7.5,3
DL,Bryan Cox,24,2017,59,47,71,71,56,47,0.4,2
DL,Marquis Haynes,25,2018,59,41,76,66,60,41,0.7,4
DL,Wes Horton,29,2013,63,64,62,66,57,64,1.4,2
DL,Efe Obada,26,2018,60,42,75,80,68,65,0.5,1
DL,Julius Peppers,38,2002,72,73,77,72,68,73,5.0,1
DL,Vernon Butler,24,2016,64,61,56,71,74,79,2.1,4
DL,Kyle Love,32,2010,63,69,66,75,57,69,1.1,2
DL,Kawann Short,29,2013,79,82,70,77,82,82,16.1,5
RB,Alex Armah,24,2017,55,53,82,71,72,49,0.6,3
K,Graham Gano,31,2009,70,51,70,87,78,54,4.3,4
LB,Jermaine Carter,23,2018,59,42,73,75,67,65,0.7,4
LB,Thomas Davis,35,2005,73,80,72,73,75,62,6.8,1
LB,Shaq Thompson,24,2015,70,68,82,76,71,48,2.2,4
LB,Ben Jacobs,30,2011,57,58,73,68,56,56,0.9,2
LB,Luke Kuechly,27,2012,89,89,89,88,80,78,12.4,5
LB,David Mayo,25,2015,60,65,74,75,62,48,0.6,4
LB,Jared Norris,25,2016,57,48,79,68,59,62,0.5,3
LB,Andre Smith,21,2018,63,57,70,14,14,12,4.0,2
OL,J.J. Jansen,32,2009,47,68,71,61,45,46,1.1,5
DL,Dontari Poe,28,2012,73,68,85,85,64,68,9.3,3
OL,Brendan Mahon,23,2018,54,50,52,67,49,70,0.6,3
OL,Trai Turner,25,2014,72,79,66,78,74,68,11.3,4
OL,Greg Van Roten,28,2012,54,53,75,74,66,58,0.8,2
OL,Chris Clark,33,2010,55,67,68,54,44,76,0.9,1
OL,Matt Kalil,29,2012,62,68,80,79,62,65,11.1,5
OL,Taylor Moton,24,2017,57,57,74,77,64,61,1.0,4
OL,Corey Robinson,26,2015,55,56,64,79,61,59,0.4,1
OL,Amini Silatolu,30,2012,58,62,74,77,63,60,0.9,1
OL,Daryl Williams,26,2015,74,74,69,77,74,79,0.7,4
K,Michael Palardy,26,2014,68,54,79,81,72,48,0.6,1
QB,Taylor Heinicke,25,2017,45,42,78,69,66,40,0.7,2
QB,Cam Newton,29,2011,78,77,85,87,72,73,20.8,5
RB,C.J. Anderson,27,2013,71,77,76,76,79,67,1.8,1
RB,Cameron Artis-Payne,28,2015,59,43,75,69,78,59,0.6,4
RB,Elijah Hood,22,2017,50,47,78,73,77,48,0.5,1
RB,Christian McCaffrey,22,2017,77,67,81,44,81,73,4.3,4
RB,Fozzy Whittaker,29,2012,60,62,78,46,78,65,1.3,2
WR,Chris Manhertz,26,2014,56,58,78,64,68,49,0.6,1
WR,Greg Olsen,33,2007,82,88,88,87,74,56,8.6,2
WR,Ian Thomas,22,2018,60,44,77,69,73,46,0.8,4
WR,Damiere Byrd,25,2016,62,63,81,66,86,69,0.6,1
WR,Devin Funchess,24,2015,72,78,74,78,79,61,1.4,4
WR,D.J. Moore,21,2018,67,52,84,74,82,74,2.8,4
WR,Fred Ross,23,2017,60,60,60,60,60,60,0.4,1
WR,Curtis Samuel,22,2017,64,63,79,71,85,68,1.6,4
WR,Torrey Smith,29,2011,68,76,85,75,79,67,5.0,3
WR,Jarius Wright,29,2012,66,72,84,72,81,75,2.5,3
END_PLAYERS
Tampa Bay Buccaneers, TB
OL,Evan Smith,32,2009,63,66,73,75,70,63,2.0,2
CB,Amari Coleman,22,2018,55,55,55,55,55,55,0.5,1
CB,Carlton Davis,22,2018,61,53,82,63,78,50,1.1,4
CB,Javien Elliott,25,2016,59,52,79,67,76,54,0.6,1
CB,Vernon Hargreaves,23,2016,67,61,80,81,84,67,3.5,4
CB,Ryan Smith,25,2016,63,62,79,59,80,51,0.7,4
CB,M.J. Stewart,23,2018,55,55,55,55,55,55,1.3,4
S,Chris Conte,29,2011,63,72,75,55,76,72,1.5,4
S,Justin Evans,23,2017,61,56,82,65,77,56,1.3,4
CB,Maurice Fleming,25,2017,60,60,60,60,60,60,0.5,2
CB,Brent Grimes,35,2007,76,80,82,49,77,80,7.0,1
S,Isaiah Johnson,26,2015,55,46,77,59,71,46,0.5,2
S,Jordan Whitehead,21,2018,58,48,82,57,76,48,0.8,4
CB,Marcus Williams,27,2014,74,73,83,60,77,73,1.6,4
DL,Will Clarke,27,2014,61,58,70,77,62,66,0.8,1
DL,Vinny Curry,30,2012,73,73,72,71,74,73,7.7,3
DL,William Gholston,27,2013,65,71,65,67,65,71,5.5,5
DL,Carl Nassib,25,2016,64,65,68,66,72,65,0.9,4
DL,Jason Pierre-Paul,29,2010,74,72,82,75,66,72,15.5,4
DL,Noah Spence,24,2016,68,65,72,70,57,65,1.5,4
DL,Beau Allen,27,2014,65,71,62,78,65,71,5.0,3
DL,Gerald McCoy,30,2010,80,79,80,82,76,79,15.9,6
DL,Stevie Tu'ikolovatu,27,2017,62,47,67,83,67,47,0.6,4
DL,Mitch Unrein,31,2011,70,76,67,74,75,76,3.5,3
DL,Vita Vea,23,2018,69,52,72,87,73,52,3.7,4
DL,Jerel Worthy,28,2012,59,58,60,73,54,72,0.7,1
K,Chandler Catanzaro,27,2014,67,47,72,85,73,53,3.3,3
LB,Jack Cichy,22,2018,59,44,77,72,65,52,0.7,4
LB,Lavonte David,28,2012,85,82,87,83,78,75,10.1,5
LB,Cameron Lynch,25,2015,56,49,79,66,59,58,0.7,1
LB,Adarius Taylor,28,2014,61,63,76,76,70,68,1.0,1
OL,Garrison Sanborn,33,2009,42,54,55,54,57,67,1.0,1
OL,Alex Cappa,23,2018,58,46,80,72,66,63,0.8,4
OL,Ryan Jensen,27,2013,68,75,72,80,70,67,10.5,4
OL,Mike Liedtke,26,2017,57,40,72,76,68,60,0.5,2
OL,Ali Marpet,25,2015,71,77,72,78,73,69,0.9,4
OL,Kwon Alexander,24,2015,70,77,78,71,58,68,0.7,4
OL,Caleb Benenoch,24,2016,56,56,73,68,62,63,0.6,4
OL,Demar Dotson,33,2009,78,79,73,76,70,81,5.5,3
OL,Cole Gardner,25,2017,60,60,60,60,60,60,0.5,3
OL,Donovan Smith,25,2015,62,68,70,78,62,66,1.5,4
OL,Leonard Wester,25,2016,53,43,74,69,63,62,0.5,3
K,Bryan Anger,30,2012,71,55,75,85,78,64,3.4,5
QB,Ryan Fitzpatrick,36,2005,72,73,75,77,69,70,3.3,1
QB,Ryan Griffin,29,2013,51,52,77,74,66,32,3.0,3
QB,Jameis Winston,24,2015,70,67,86,85,70,65,6.3,4
RB,Peyton Barber,24,2016,61,69,76,68,77,63,0.6,1
RB,Ronald Jones,21,2018,64,40,83,83,54,59,1.0,4
RB,Jacquizz Rodgers,28,2011,62,63,78,72,77,64,1.7,2
RB,Shaun Wilson,23,2018,57,49,80,80,78,55,0.6,3
WR,Antony Auclair,25,2017,55,48,75,61,66,52,0.6,3
WR,Cameron Brate,27,2014,72,76,74,78,70,48,6.8,6
WR,Alan Cross,25,2016,49,58,73,62,68,49,0.5,2
WR,O.J. Howard,24,2017,69,69,79,74,77,57,2.8,4
WR,Sergio Bailey,24,2018,60,60,60,60,60,60,0.6,3
WR,Mike Evans,25,2014,79,84,82,79,78,60,16.5,5
WR,Chris Godwin,22,2017,69,66,83,75,81,68,0.8,4
WR,Adam Humphries,25,2015,69,76,78,79,78,68,2.9,1
WR,DeSean Jackson,32,2008,75,75,87,80,83,79,11.2,3
WR,Freddie Martino,27,2014,54,50,75,69,79,68,0.5,1
WR,Justin Watson,23,2018,59,48,82,71,81,52,0.7,4
END_PLAYERS
Atlanta Falcons, ATL
OL,Alex Mack,33,2009,80,83,80,82,83,73,9.0,5
S,Ricardo Allen,27,2014,74,77,84,71,79,56,6.5,3
S,Damontae Kazee,25,2017,63,60,84,61,78,58,0.7,4
CB,Isaiah Oliver,22,2018,63,52,83,64,79,45,1.2,4
CB,Brian Poole,26,2016,69,71,80,72,79,56,0.5,3
CB,Robert Alford,30,2013,75,72,82,42,82,72,9.5,4
CB,Justin Bethel,28,2012,64,60,82,59,77,60,1.8,1
S,Kemal Ishmael,27,2013,59,62,77,57,74,62,1.0,1
S,Keanu Neal,23,2016,79,75,81,66,77,75,2.7,4
S,Jordan Richards,25,2015,59,54,78,58,76,54,0.9,4
S,Keith Tandy,29,2012,61,63,80,42,77,63,0.8,1
CB,Desmond Trufant,28,2013,83,80,83,50,82,80,13.8,5
CB,Blidi Wreh-Wilson,29,2013,62,58,81,47,77,58,0.9,1
DL,Jack Crawford,30,2012,61,63,65,67,60,63,2.9,3
DL,Takkarist McKinley,23,2017,72,66,72,71,64,66,2.6,4
DL,Steven Means,28,2013,60,50,56,59,64,50,0.8,1
DL,Brooks Reed,31,2011,72,71,80,66,72,71,4.4,5
DL,Derrick Shelby,29,2012,64,63,65,72,71,63,2.0,1
DL,Grady Jarrett,25,2015,76,78,59,79,78,78,0.6,4
DL,Terrell McClain,30,2011,65,69,60,79,56,69,1.5,1
DL,Deadrin Senat,24,2018,61,48,76,79,67,48,0.9,4
DL,Justin Zimmer,26,2018,61,65,65,65,65,65,0.5,2
K,Matt Bryant,43,2002,75,62,69,86,82,41,3.4,3
LB,Vic Beasley,26,2015,69,69,69,69,69,69,3.6,4
LB,De'Vondre Campbell,25,2016,71,72,76,74,58,70,0.7,4
LB,Richard Jarvis,23,2018,49,44,75,65,62,46,0.4,1
LB,Deion Jones,24,2016,80,82,73,76,62,78,1.1,4
LB,Foyesade Oluokun,23,2018,56,45,75,67,44,62,0.7,4
LB,Duke Riley,24,2017,61,60,77,77,58,44,0.9,4
OL,Josh Harris,29,2012,42,52,70,54,50,46,0.9,4
OL,Brandon Fusco,30,2011,65,68,69,79,68,67,4.3,3
OL,Ben Garland,30,2012,60,54,71,72,75,60,2.9,1
OL,Zac Kerin,27,2014,58,58,58,58,58,58,0.6,1
OL,Andy Levitre,32,2009,69,78,78,78,70,70,7.8,6
OL,Wes Schweitzer,25,2016,56,62,72,71,62,62,0.6,4
OL,Matt Gono,22,2018,51,40,74,72,62,58,0.6,3
OL,Jake Matthews,26,2014,71,73,81,76,76,71,14.5,5
OL,Ty Sambrailo,26,2015,58,62,62,69,69,60,1.0,4
OL,Ryan Schraeder,30,2013,73,80,77,77,66,75,6.3,5
K,Matt Bosher,30,2011,71,59,75,82,78,57,2.5,5
QB,Matt Ryan,33,2008,79,80,82,84,76,46,30.0,5
QB,Matt Schaub,37,2004,58,74,83,72,66,20,4.5,2
RB,Tevin Coleman,25,2015,76,73,80,68,84,72,0.8,4
RB,Devonta Freeman,26,2014,81,79,86,76,82,81,8.3,5
RB,Brian Hill,23,2017,55,45,78,75,78,57,0.5,2
RB,Ricky Ortiz,24,2018,55,42,78,66,66,45,0.5,2
RB,Ito Smith,23,2018,62,55,81,40,81,66,0.8,4
WR,Austin Hooper,24,2016,70,66,77,73,72,50,0.8,4
WR,Logan Paulsen,31,2010,57,68,77,60,63,31,1.0,1
WR,Eric Saubert,24,2017,62,45,75,65,73,57,0.7,4
WR,Russell Gage,22,2018,50,49,82,65,79,65,0.7,4
WR,Marvin Hall,25,2017,60,55,78,69,82,68,0.5,2
WR,Justin Hardy,27,2015,64,62,80,74,77,71,0.7,4
WR,Julio Jones,29,2011,88,89,83,86,83,80,14.3,5
WR,Calvin Ridley,24,2018,67,54,80,71,83,75,2.7,4
WR,Mohamed Sanu,29,2012,71,76,72,72,72,72,6.5,5
END_PLAYERS
Los Angeles Rams, LAR
OL,Brian Allen,23,2018,56,48,72,71,66,63,0.8,4
OL,Austin Blythe,26,2016,55,56,83,72,63,60,0.6,4
OL,John Sullivan,33,2008,68,77,79,76,67,70,5.4,2
S,Blake Countess,25,2016,59,56,79,56,78,50,0.5,3
CB,Troy Hill,27,2015,61,60,81,69,77,42,0.7,1
CB,Marcus Peters,25,2015,77,79,77,77,80,48,2.4,4
CB,Kevin Peterson,24,2017,57,50,79,68,76,47,0.5,2
S,Marqui Christian,24,2016,55,46,78,57,78,46,0.6,4
S,John Johnson,23,2017,76,74,75,80,83,59,0.8,4
S,Lamarcus Joyner,28,2014,80,78,81,44,78,78,11.3,1
CB,Nickell Robey-Coleman,26,2013,72,72,80,48,79,72,5.2,3
CB,Sam Shields,31,2010,62,60,84,45,81,60,1.0,1
CB,Aqib Talib,32,2008,79,75,84,59,78,75,9.5,6
DL,Morgan Fox,24,2016,65,60,75,74,58,60,0.5,2
DL,John Franklin-Myers,22,2018,57,43,67,78,63,43,0.7,4
DL,Justin Lawler,24,2018,56,46,77,68,64,46,0.6,4
DL,Michael Brockers,28,2012,78,82,75,79,80,82,11.1,3
DL,Aaron Donald,27,2014,89,89,83,87,78,89,22.5,6
DL,Sebastian Joseph-Day,23,2018,58,44,66,71,69,44,0.7,4
DL,Tanzel Smart,24,2017,58,60,66,72,60,60,0.6,4
DL,Ndamukong Suh,31,2010,84,77,84,88,82,77,14.0,1
DL,Ethan Westbrooks,28,2014,63,67,67,72,62,67,1.5,2
K,Sam Ficken,26,2017,62,44,74,80,67,54,0.5,1
K,Greg Zuerlein,31,2012,70,53,75,85,80,56,2.3,3
LB,Mark Barron,29,2012,67,72,84,71,56,68,9.0,5
LB,Dominique Easley,26,2014,65,64,75,69,67,25,1.9,1
LB,Samson Ebukam,23,2017,65,55,74,71,66,54,0.8,4
LB,Bryce Hager,26,2015,60,55,81,73,57,68,0.6,4
LB,Micah Kiser,23,2018,58,49,75,70,70,63,0.7,4
LB,Cory Littleton,25,2016,58,63,73,67,60,57,0.5,3
LB,Matt Longacre,27,2015,61,60,74,65,58,48,1.9,1
LB,Ogbonnia Okoronkwo,23,2018,58,43,74,69,62,43,0.7,4
LB,Garrett Sickels,24,2017,56,51,70,67,62,44,0.5,1
LB,Carlos Thompson,26,2015,54,53,70,75,66,70,0.6,2
LB,Ramik Wilson,26,2015,63,62,76,74,57,65,0.8,1
LB,Trevon Young,23,2018,56,41,73,63,61,41,0.6,4
LS,Jake McQuaide,31,2011,46,56,67,62,49,52,1.2,3
OL,Jamon Brown,25,2015,61,66,61,77,66,62,0.8,4
OL,Rodger Saffold,30,2010,70,78,52,67,59,74,6.3,5
OL,Rob Havenstein,26,2015,69,76,68,74,78,69,8.1,4
OL,Joseph Noteboom,23,2018,57,42,77,75,65,65,0.9,4
OL,Andrew Whitworth,37,2006,78,86,80,84,77,77,11.3,3
K,Johnny Hekker,28,2012,76,62,74,87,87,56,3.5,6
QB,Jared Goff,24,2016,73,77,83,84,74,47,7.0,4
QB,Sean Mannion,26,2015,52,52,77,78,65,37,0.8,4
RB,Malcolm Brown,25,2015,59,61,73,73,79,47,0.6,1
RB,Justin Davis,23,2017,60,42,77,51,78,72,0.6,3
RB,Todd Gurley,24,2015,84,87,82,82,84,78,14.4,4
RB,John Kelly,22,2018,60,53,77,77,75,64,0.7,4
WR,Gerald Everett,24,2017,67,60,75,73,75,66,1.5,4
WR,Tyler Higbee,25,2016,67,67,75,73,70,50,0.7,4
WR,Johnny Mundt,24,2017,55,44,75,63,71,48,0.5,2
WR,Brandin Cooks,25,2014,77,78,83,82,85,76,16.2,5
WR,Pharoh Cooper,23,2016,55,55,79,68,77,64,0.7,4
WR,KhaDarel Hodge,23,2018,56,48,77,70,75,65,0.5,1
WR,Cooper Kupp,25,2017,70,74,84,78,77,70,1.0,4
WR,JoJo Natson,24,2017,48,44,65,65,65,65,0.5,1
WR,Josh Reynolds,23,2017,63,58,82,75,78,62,0.8,4
WR,Mike Thomas,24,2016,53,50,78,67,78,57,0.6,4
WR,Kendal Thompson,26,2016,60,60,60,60,60,60,0.5,1
WR,Robert Woods,26,2013,73,80,82,81,81,66,6.8,5
END_PLAYERS
Seattle Seahawks, SEA
OL,Justin Britt,27,2014,68,80,73,77,64,69,9.0,3
OL,Joey Hunt,24,2016,55,53,74,78,65,62,0.6,1
OL,Ethan Pocic,23,2017,59,65,78,73,63,61,1.1,4
CB,Justin Coleman,25,2015,66,68,80,69,78,49,2.9,1
CB,Tre Flowers,23,2018,56,44,79,64,78,58,0.7,4
CB,Shaquill Griffin,23,2017,70,66,79,70,82,58,0.8,4
S,Kam Chancellor,30,2010,80,81,85,72,76,81,12.0,3
S,Delano Hill,23,2017,59,55,77,64,76,55,0.8,4
CB,Dontae Johnson,27,2014,63,62,80,48,80,62,0.4,1
CB,Akeem King,26,2015,52,40,77,63,81,40,0.6,1
S,Shalom Luani,24,2017,56,55,81,57,77,55,0.5,1
S,Bradley McDougald,28,2013,66,66,80,57,77,66,4.5,3
S,Tevon Mutcherson,26,2018,60,60,60,60,60,60,0.4,1
S,Earl Thomas,29,2010,87,80,82,83,83,55,10.0,4
S,Tedric Thompson,23,2017,60,54,82,58,76,54,0.8,4
CB,Neiko Thorpe,28,2012,58,50,79,49,80,50,1.8,2
DL,Ricky Ali'ifua,27,2018,55,55,55,55,55,55,0.4,1
DL,Frank Clark,25,2015,71,73,65,78,58,73,0.9,4
DL,Rasheem Green,21,2018,60,48,71,70,61,48,0.9,4
DL,Dion Jordan,28,2013,69,55,62,62,71,55,1.9,1
DL,Poona Ford,23,2018,58,44,58,69,54,73,0.6,3
DL,Quinton Jefferson,25,2016,59,48,72,69,58,48,0.6,1
DL,Nazair Jones,24,2017,65,65,71,77,62,65,0.8,4
DL,Jarran Reed,26,2016,69,71,70,80,63,71,1.2,4
DL,Shamar Stephen,27,2014,62,66,70,75,63,66,2.1,1
RB,Tre Madden,25,2017,60,55,74,71,74,60,0.5,3
K,Sebastian Janikowski,40,2000,71,53,74,87,77,49,2.0,1
LB,Emmanuel Beal,23,2018,60,60,60,60,60,60,0.4,1
LB,Austin Calitro,24,2018,58,55,73,77,72,64,0.5,1
LB,Jermaine Grace,25,2017,59,48,72,67,61,57,0.6,3
LB,Shaquem Griffin,23,2018,62,41,76,66,61,51,0.7,4
LB,Mychal Kendricks,28,2012,72,72,80,74,74,69,0.8,1
LB,Jacob Martin,23,2018,55,46,71,66,59,43,0.7,4
LB,Barkevious Mingo,28,2013,68,65,85,73,58,67,3.4,2
LB,Bobby Wagner,28,2012,87,87,87,88,79,79,10.8,4
LB,K.J. Wright,29,2011,73,77,84,79,70,68,6.8,4
OL,Tyler Ott,26,2015,47,48,72,61,49,44,0.6,1
OL,D.J. Fluker,27,2013,62,65,75,81,69,63,1.5,1
OL,Germain Ifedi,24,2016,59,70,77,72,62,64,2.1,4
OL,Jordan Simmons,24,2018,51,45,55,68,55,71,0.5,1
OL,J.R. Sweezy,29,2012,62,70,69,74,62,64,1.5,1
OL,Duane Brown,33,2008,71,78,79,80,72,72,11.5,3
OL,George Fant,26,2016,58,55,77,75,64,63,0.5,3
OL,Jamarco Jones,22,2018,56,48,72,70,64,66,0.7,4
P,Michael Dickson,22,2018,67,48,76,84,76,58,0.7,4
QB,Brett Hundley,25,2015,60,61,79,81,66,58,0.6,4
QB,Russell Wilson,30,2012,82,86,87,83,77,74,21.9,4
RB,Chris Carson,24,2017,65,68,75,76,77,65,0.5,4
RB,Mike Davis,25,2015,63,66,70,71,79,57,1.4,1
RB,Khalid Hill,23,2018,55,55,55,55,55,55,0.6,3
RB,J.D. McKissic,25,201,67,63,80,47,78,66,0.6,1
RB,Rashaad Penny,22,2018,66,52,81,60,80,71,2.7,4
RB,C.J. Prosise,24,2016,61,56,79,70,80,66,0.8,4
WR,Darrell Daniels,23,2017,59,52,79,66,76,64,0.1,1
WR,Will Dissly,22,2018,61,47,77,61,67,44,0.8,4
WR,Nick Vannett,25,2016,61,62,74,70,66,50,0.8,4
WR,Doug Baldwin,30,2011,80,85,78,85,80,78,11.5,4
WR,Jaron Brown,28,2013,68,70,75,77,80,59,2.8,2
WR,Amara Darboh,24,2017,61,47,79,72,81,48,0.8,4
WR,Tyler Lockett,26,2015,72,74,83,77,83,79,9.8,3
WR,Brandon Marshall,34,2006,71,76,87,75,76,54,8.0,4
WR,David Moore,23,2017,55,42,78,71,81,59,0.5,2
WR,Keenan Reynolds,25,2016,47,42,81,64,77,57,0.5,1
END_PLAYERS
San Francisco 49ers, SF
CB,Greg Mabin,24,2017,58,44,74,65,78,60,0.5,2
CB,D.J. Reed,22,2018,58,45,75,67,79,50,0.7,4
CB,Ahkello Witherspoon,23,2017,65,62,81,66,81,42,1.0,4
CB,Adrian Colbert,25,2017,67,68,78,51,80,68,0.6,4
S,Antone Exum,27,2014,56,47,78,79,79,52,0.7,1
S,Marcell Harris,24,2018,55,43,77,49,76,43,0.7,4
S,Tarvarius Moore,22,2018,59,48,79,43,84,48,0.8,4
S,Tyvis Powell,24,2016,54,47,81,59,81,47,5.9,2
CB,Richard Sherman,30,2011,80,83,89,69,78,83,9.1,3
CB,Najee Toran,23,2018,51,45,49,69,43,67,0.5,1
CB,Jimmie Ward,27,2014,67,67,80,43,80,67,1.8,4
CB,K'Waun Williams,27,2014,64,61,82,48,78,61,3.0,3
DL,Arik Armstead,25,2015,69,67,63,77,70,67,2.5,4
DL,Ronald Blair,25,2016,65,55,67,76,65,75,0.7,4
DL,Cassius Marsh,26,2014,62,63,76,56,61,63,3.9,2
DL,Solomon Thomas,23,2017,68,58,74,81,69,58,7.0,4
DL,DeForest Buckner,24,2016,76,78,82,76,73,78,4.5,4
DL,Sheldon Day,24,2016,62,60,72,70,65,60,0.7,4
DL,D.J. Jones,23,2017,60,55,72,79,58,55,0.6,4
DL,Earl Mitchell,31,2010,63,62,70,70,56,62,4.0,4
DL,Jullian Taylor,23,2018,59,41,73,79,64,41,0.6,4
K,Robbie Gould,37,2005,75,65,65,84,83,42,2.0,2
LB,Brock Coyle,28,2014,55,59,78,69,56,46,2.8,3
LB,Reuben Foster,24,2017,77,76,78,76,77,73,2.3,4
LB,Elijah Lee,22,2017,58,47,77,70,62,57,0.5,2
LB,Malcolm Smith,29,2011,66,71,72,72,68,46,5.3,5
LB,Fred Warner,22,2018,61,52,79,70,64,65,1.0,4
LB,Dekoda Watson,30,2010,61,54,79,63,58,53,1.7,3
OL,Kyle Nelson,32,2012,43,56,67,58,41,52,1.0,4
OL,JP Flynn,25,2017,55,55,55,55,55,55,0.4,1
OL,Joshua Garnett,24,2016,60,66,81,74,63,63,2.3,4
OL,Weston Richburg,27,2014,71,79,78,79,66,70,9.5,5
OL,Laken Tomlinson,26,2015,62,64,67,77,68,63,5.5,3
LB,Mark Nzeocha,28,2015,58,55,75,71,56,61,0.8,1
OL,Shon Coleman,27,2016,57,61,73,76,63,63,0.8,4
OL,Garry Gilliam,28,2014,57,61,69,74,64,61,3.9,2
OL,Erik Magnuson,24,2017,53,55,73,71,62,60,0.5,3
OL,Mike McGlinchey,24,2018,68,58,76,77,76,69,4.6,4
OL,Mike Person,30,2011,59,59,64,69,64,69,0.9,1
OL,Joe Staley,34,2007,80,84,84,82,78,78,7.4,6
K,Bradley Pinion,24,2015,70,55,75,83,77,52,0.6,4
QB,C.J. Beathard,25,2017,60,63,82,78,68,46,0.9,4
QB,Jimmy Garoppolo,27,2014,73,76,83,84,73,47,27.5,5
RB,Matt Breida,23,2017,66,63,77,55,83,66,0.6,3
RB,Kyle Juszczyk,27,2013,74,74,79,74,72,58,5.3,4
RB,Jerick McKinnon,26,2014,75,71,81,49,83,80,7.5,4
RB,Alfred Morris,30,2012,67,70,77,77,72,72,0.8,1
RB,Raheem Mostert,26,2015,57,52,79,46,83,68,0.7,1
S,Jaquiski Tartt,26,2015,73,75,75,74,79,57,6.5,2
WR,Garrett Celek,30,2012,65,60,74,72,69,56,2.6,4
WR,George Kittle,25,2017,67,67,75,75,77,50,0.7,4
WR,Cole Wick,25,2016,58,49,75,66,66,52,0.6,2
WR,Victor Bolden,23,2017,54,44,80,81,80,44,0.6,3
WR,Kendrick Bourne,23,2017,60,61,76,70,77,68,0.6,3
WR,Pierre Garcon,32,2008,76,83,84,86,79,70,9.5,5
WR,Marquise Goodwin,28,2013,73,77,80,76,85,66,6.4,3
WR,Richie James,23,2018,58,48,79,68,80,70,0.6,4
WR,Dante Pettis,23,2018,66,44,81,75,80,76,1.6,4
WR,Trent Taylor,24,2017,66,58,81,76,76,72,0.7,4
END_PLAYERS
Arizona Cardinals, ARZ
OL,Mason Cole,22,2018,57,49,76,69,68,66,0.8,4
OL,Daniel Munyer,26,2015,50,49,74,68,64,59,0.6,1
OL,A.Q. Shipley,32,2009,64,76,70,77,62,66,2.0,1
CB,Deatrick Nichols,24,2018,54,48,80,56,81,49,0.6,3
CB,Brandon Williams,26,2016,79,87,59,29,49,78,10.5,5
S,Budda Baker,22,2017,69,67,85,62,81,67,1.7,4
CB,Bene' Benwikere,27,2014,60,54,82,47,78,54,0.7,1
S,Antoine Bethea,34,2006,72,72,80,59,76,72,4.3,3
S,Tre Boston,26,2014,73,74,76,79,74,70,1.5,1
S,Rudy Ford,24,2017,60,47,82,60,82,47,0.6,4
S,Jonathan Owens,23,2018,55,55,55,55,55,55,0.6,3
CB,Patrick Peterson,28,2011,82,77,87,60,83,77,14.0,5
CB,Jamar Taylor,28,2013,70,64,85,57,81,64,5.5,3
DL,Markus Golden,25,2015,66,75,74,59,64,75,1.0,4
DL,Chandler Jones,28,2012,79,85,85,71,67,85,16.5,5
DL,Benson Mayowa,27,2013,65,63,64,60,62,63,1.4,1
DL,Arthur Moats,30,2010,59,54,71,77,64,58,0.9,1
DL,Zach Moore,28,2014,57,49,66,68,65,49,0.7,2
DL,Ifeadi Odenigbo,24,2017,59,43,77,72,58,43,0.6,4
DL,Rodney Gunter,26,2015,60,62,63,65,61,62,0.7,4
DL,Robert Nkemdiche,24,2016,64,59,73,71,62,59,2.2,4
DL,Corey Peters,30,2010,71,74,66,78,71,74,4.0,3
DL,Olsen Pierre,27,2017,63,65,63,69,70,65,0.6,1
K,Phil Dawson,43,1889,68,54,73,82,72,42,3.0,2
LB,Deone Bucannon,26,2014,66,71,78,72,56,52,1.9,4
LB,Josh Bynes,29,2011,63,67,75,75,70,56,1.9,3
LB,Jeremy Cash,26,2016,55,48,78,68,59,50,0.6,1
LB,Dennis Gardeck,24,2018,52,46,76,65,58,50,0.6,3
LB,Gerald Hodges,27,2013,60,63,68,75,74,60,0.8,1
LB,Gabe Martin,26,2015,59,42,73,71,56,54,0.6,2
LB,Haason Reddick,24,2017,65,62,77,70,61,41,3.4,4
LB,Ezekiel Turner,22,2018,51,43,79,58,41,56,0.6,3
LB,Joe Walker,26,2016,57,56,78,74,57,48,0.6,1
OL,Aaron Brewer,28,2012,44,57,74,58,43,47,1.0,4
OL,Mike Iupati,31,2010,66,64,70,82,72,62,8.0,5
OL,Justin Pugh,28,2013,70,77,82,78,68,68,9.0,5
OL,Jeremy Vujnovich,28,2014,56,55,66,80,60,59,0.6,1
OL,John Wetzel,27,2014,55,60,75,76,64,58,0.6,1
OL,Blaine Clausell,26,2018,55,41,74,77,65,61,0.6,2
OL,Korey Cunningham,23,2018,54,43,71,73,61,60,0.6,4
OL,D.J. Humphries,25,2015,66,62,82,78,76,63,2.2,4
OL,Andre Smith,31,2009,63,57,70,85,69,63,4.0,2
K,Andy Lee,36,2004,69,49,77,86,70,40,2.6,2
QB,Sam Bradford,31,2010,69,71,85,80,71,37,20.0,1
QB,Mike Glennon,29,2013,62,62,80,83,67,20,4.0,2
QB,Josh Rosen,21,2018,68,68,85,83,75,44,4.4,4
RB,Derrick Coleman,28,2012,53,59,76,70,77,50,0.8,1
RB,Chase Edmonds,22,2018,61,48,75,41,78,67,0.7,4
RB,D.J. Foster,25,2016,54,48,78,58,80,60,0.6,2
RB,David Johnson,27,2015,83,85,85,79,82,83,12.7,3
RB,T.J. Logan,24,2017,62,55,77,52,83,67,0.7,4
WR,Jermaine Gresham,30,2010,72,70,78,76,70,57,7.0,4
WR,Gabe Holmes,27,2017,54,41,76,66,66,51,0.6,2
WR,Ricky Seals-Jones,23,2017,65,60,78,71,73,47,0.5,2
WR,Larry Fitzgerald,35,2004,79,86,88,85,73,55,11.0,1
WR,Christian Kirk,22,2018,63,53,85,72,81,75,1.5,4
WR,J.J. Nelson,26,2015,67,64,78,74,86,70,0.6,4
WR,Trent Sherfield,22,2018,54,49,41,80,77,44,0.6,3
WR,Chad Williams,24,2017,59,45,79,74,80,63,0.8,4
END_PLAYERS










